1.830000000000000000e+02 1.830027313232421875e+02
1.830000000000000000e+02 1.830027313232421875e+02
1.830000000000000000e+02 1.830027313232421875e+02
1.830000000000000000e+02 1.830027313232421875e+02
1.820000000000000000e+02 1.820027465820312500e+02
1.820000000000000000e+02 1.820027465820312500e+02
1.820000000000000000e+02 1.820027465820312500e+02
2.000000000000000000e+00 2.236068010330200195e+00
1.414213538169860840e+00 1.850000000000000000e+02
1.414213538169860840e+00 2.000000000000000000e+00
