3.469279408454895020e-01 3.469331860542297363e-01
3.469279408454895020e-01 3.469331860542297363e-01
3.469279408454895020e-01 3.469331860542297363e-01
3.469279408454895020e-01 3.469331860542297363e-01
3.469279408454895020e-01 3.469331860542297363e-01
3.450217545032501221e-01 3.450269997119903564e-01
3.450217545032501221e-01 3.450269997119903564e-01
3.450217545032501221e-01 3.450269997119903564e-01
3.450217545032501221e-01 3.450269997119903564e-01
3.812395036220550537e-03 4.262387286871671677e-03
2.695770468562841415e-03 3.469331860542297363e-01
1.906197518110275269e-03 2.695770468562841415e-03
