3.393888100981712341e-02 3.409909829497337341e-02
2.814466878771781921e-02 2.833766303956508636e-02
2.222989127039909363e-02 2.231146953999996185e-02
1.877386868000030518e-02 1.887039281427860260e-02
1.704954914748668671e-02 1.726135239005088806e-02
8.524774573743343353e-03 9.530987590551376343e-03
5.391540471464395523e-03 5.718592554330825806e-03
3.812395036220550537e-03 4.262387286871671677e-03
2.695770468562841415e-03 3.526465296745300293e-01
2.695770468562841415e-03 3.812395036220550537e-03
