4.075976908206939697e-01 4.076037108898162842e-01
4.075976908206939697e-01 4.076037108898162842e-01
4.075976908206939697e-01 4.076037108898162842e-01
4.075976908206939697e-01 4.076037108898162842e-01
4.075976908206939697e-01 4.076037108898162842e-01
4.075976908206939697e-01 4.076037108898162842e-01
4.075976908206939697e-01 4.076037108898162842e-01
4.075976908206939697e-01 4.076037108898162842e-01
4.075976908206939697e-01 4.076037108898162842e-01
4.075976908206939697e-01 4.076037108898162842e-01
4.075976908206939697e-01 4.076037108898162842e-01
4.075976908206939697e-01 4.076037108898162842e-01
4.075976908206939697e-01 4.076037108898162842e-01
4.075976908206939697e-01 4.076037108898162842e-01
4.031672775745391846e-01 4.031733572483062744e-01
4.031672775745391846e-01 4.031733572483062744e-01
4.031672775745391846e-01 4.031733572483062744e-01
1.550643425434827805e-02 1.566386409103870392e-02
6.645614746958017349e-03 7.005092687904834747e-03
3.132772631943225861e-03 4.098188877105712891e-01
2.215204760432243347e-03 3.132772631943225861e-03
