1.800000000000000000e+02 1.800027770996093750e+02
1.800000000000000000e+02 1.800027770996093750e+02
1.800000000000000000e+02 1.800027770996093750e+02
1.800000000000000000e+02 1.800027770996093750e+02
1.800000000000000000e+02 1.800027770996093750e+02
1.800000000000000000e+02 1.800027770996093750e+02
1.800000000000000000e+02 1.800027770996093750e+02
1.800000000000000000e+02 1.800027770996093750e+02
1.800000000000000000e+02 1.800027770996093750e+02
1.800000000000000000e+02 1.800027770996093750e+02
1.800000000000000000e+02 1.800027770996093750e+02
1.800000000000000000e+02 1.800027770996093750e+02
1.800000000000000000e+02 1.800027770996093750e+02
1.800000000000000000e+02 1.800027770996093750e+02
1.800000000000000000e+02 1.800027770996093750e+02
2.000000000000000000e+00 2.236068010330200195e+00
1.414213538169860840e+00 1.810000000000000000e+02
1.000000000000000000e+00 1.414213538169860840e+00
