8.585258573293685913e-02 8.600395917892456055e-02
8.203039318323135376e-02 8.213603496551513672e-02
7.928899675607681274e-02 7.972525060176849365e-02
7.857491075992584229e-02 7.956193387508392334e-02
7.857491075992584229e-02 8.575152605772018433e-02
6.478382647037506104e-02 6.485071778297424316e-02
6.478382647037506104e-02 6.485071778297424316e-02
6.458273530006408691e-02 6.464983522891998291e-02
6.458273530006408691e-02 6.464983522891998291e-02
6.322580575942993164e-02 6.343119591474533081e-02
6.260558962821960449e-02 6.301974505186080933e-02
6.246693059802055359e-02 6.322580575942993164e-02
6.239748373627662659e-02 6.295090913772583008e-02
6.239748373627662659e-02 6.295090913772583008e-02
6.211892515420913696e-02 6.260558962821960449e-02
6.190918013453483582e-02 6.239748373627662659e-02
6.190918013453483582e-02 6.211892515420913696e-02
6.190918013453483582e-02 6.322580575942993164e-02
6.190918013453483582e-02 6.211892515420913696e-02
6.183910742402076721e-02 6.343119591474533081e-02
6.148754432797431946e-02 6.584592908620834351e-02
5.889438837766647339e-02 5.896795913577079773e-02
5.889438837766647339e-02 5.896795913577079773e-02
5.889438837766647339e-02 5.896795913577079773e-02
5.889438837766647339e-02 5.896795913577079773e-02
5.889438837766647339e-02 5.896795913577079773e-02
5.889438837766647339e-02 5.896795913577079773e-02
5.889438837766647339e-02 5.896795913577079773e-02
5.889438837766647339e-02 5.896795913577079773e-02
5.889438837766647339e-02 5.896795913577079773e-02
5.889438837766647339e-02 5.896795913577079773e-02
5.867311730980873108e-02 8.824337273836135864e-02
1.766831614077091217e-02 1.791202835738658905e-02
1.766831614077091217e-02 1.791202835738658905e-02
1.766831614077091217e-02 1.791202835738658905e-02
1.766831614077091217e-02 1.791202835738658905e-02
1.766831614077091217e-02 1.791202835738658905e-02
1.766831614077091217e-02 1.791202835738658905e-02
1.766831614077091217e-02 1.791202835738658905e-02
1.766831614077091217e-02 1.791202835738658905e-02
1.766831614077091217e-02 1.791202835738658905e-02
1.766831614077091217e-02 1.791202835738658905e-02
1.766831614077091217e-02 1.791202835738658905e-02
1.766831614077091217e-02 1.791202835738658905e-02
1.766831614077091217e-02 1.791202835738658905e-02
1.766831614077091217e-02 1.791202835738658905e-02
1.766831614077091217e-02 1.791202835738658905e-02
1.766831614077091217e-02 1.791202835738658905e-02
1.766831614077091217e-02 1.885540410876274109e-02
1.766831614077091217e-02 1.791202835738658905e-02
1.766831614077091217e-02 1.791202835738658905e-02
1.766831614077091217e-02 1.791202835738658905e-02
1.766831614077091217e-02 1.791202835738658905e-02
1.766831614077091217e-02 1.791202835738658905e-02
1.766831614077091217e-02 1.791202835738658905e-02
1.766831614077091217e-02 1.791202835738658905e-02
1.766831614077091217e-02 1.791202835738658905e-02
1.766831614077091217e-02 1.791202835738658905e-02
1.766831614077091217e-02 1.791202835738658905e-02
1.766831614077091217e-02 1.791202835738658905e-02
1.766831614077091217e-02 1.791202835738658905e-02
1.766831614077091217e-02 1.791202835738658905e-02
1.766831614077091217e-02 1.791202835738658905e-02
1.766831614077091217e-02 1.791202835738658905e-02
1.766831614077091217e-02 1.791202835738658905e-02
1.766831614077091217e-02 1.885540410876274109e-02
1.766831614077091217e-02 1.791202835738658905e-02
1.766831614077091217e-02 1.791202835738658905e-02
1.766831614077091217e-02 1.791202835738658905e-02
1.766831614077091217e-02 1.791202835738658905e-02
1.766831614077091217e-02 1.791202835738658905e-02
1.766831614077091217e-02 1.791202835738658905e-02
1.766831614077091217e-02 1.791202835738658905e-02
1.766831614077091217e-02 1.791202835738658905e-02
1.766831614077091217e-02 1.791202835738658905e-02
1.766831614077091217e-02 1.791202835738658905e-02
1.766831614077091217e-02 1.791202835738658905e-02
1.766831614077091217e-02 1.791202835738658905e-02
1.766831614077091217e-02 1.791202835738658905e-02
1.766831614077091217e-02 1.965034902095794678e-01
4.164461977779865265e-03 5.545540452003479004e-01
