2.209072113037109375e+01 2.247220420837402344e+01
2.158703231811523438e+01 2.202271461486816406e+01
2.147091102600097656e+01 2.154065895080566406e+01
2.102379608154296875e+01 2.109502220153808594e+01
2.102379608154296875e+01 2.109502220153808594e+01
2.102379608154296875e+01 2.121320343017578125e+01
2.088061332702636719e+01 2.147091102600097656e+01
2.059126091003417969e+01 2.300000000000000000e+01
1.500000000000000000e+01 1.503329658508300781e+01
1.334166431427001953e+01 1.341640758514404297e+01
1.252996444702148438e+01 1.303840446472167969e+01
1.252996444702148438e+01 1.264911079406738281e+01
1.252996444702148438e+01 1.264911079406738281e+01
1.208304595947265625e+01 2.325940704345703125e+01
7.615773200988769531e+00 7.810249805450439453e+00
4.123105525970458984e+00 4.242640495300292969e+00
4.000000000000000000e+00 4.123105525970458984e+00
4.000000000000000000e+00 4.123105525970458984e+00
4.000000000000000000e+00 4.123105525970458984e+00
4.000000000000000000e+00 4.123105525970458984e+00
4.000000000000000000e+00 4.123105525970458984e+00
3.605551242828369141e+00 4.600000000000000000e+01
1.414213538169860840e+00 1.600000000000000000e+02
