7.337166368961334229e-02 7.348480820655822754e-02
7.337166368961334229e-02 7.348480820655822754e-02
6.832962483167648315e-02 6.851175427436828613e-02
6.832962483167648315e-02 6.851175427436828613e-02
6.832962483167648315e-02 6.929545849561691284e-02
6.572680920362472534e-02 6.585308164358139038e-02
6.502790749073028564e-02 6.629315763711929321e-02
6.399769335985183716e-02 6.585308164358139038e-02
6.347631663084030151e-02 6.629315763711929321e-02
6.341084837913513184e-02 6.347631663084030151e-02
6.341084837913513184e-02 6.347631663084030151e-02
6.341084837913513184e-02 6.347631663084030151e-02
6.341084837913513184e-02 6.347631663084030151e-02
6.341084837913513184e-02 6.347631663084030151e-02
6.341084837913513184e-02 6.347631663084030151e-02
6.341084837913513184e-02 6.347631663084030151e-02
6.341084837913513184e-02 6.347631663084030151e-02
6.341084837913513184e-02 6.347631663084030151e-02
6.341084837913513184e-02 6.347631663084030151e-02
6.341084837913513184e-02 6.347631663084030151e-02
6.295062601566314697e-02 6.347631663084030151e-02
6.222054734826087952e-02 6.380268186330795288e-02
6.052853539586067200e-02 6.059712171554565430e-02
5.942036584019660950e-02 6.059712171554565430e-02
5.800539255142211914e-02 5.836235359311103821e-02
5.800539255142211914e-02 5.836235359311103821e-02
5.706685036420822144e-02 5.721224471926689148e-02
5.706685036420822144e-02 5.721224471926689148e-02
5.706685036420822144e-02 5.721224471926689148e-02
5.706685036420822144e-02 5.721224471926689148e-02
5.596436187624931335e-02 5.764622241258621216e-02
5.544236302375793457e-02 5.836235359311103821e-02
5.506647750735282898e-02 5.836235359311103821e-02
5.506647750735282898e-02 5.836235359311103821e-02
5.476391315460205078e-02 5.483971163630485535e-02
5.476391315460205078e-02 5.483971163630485535e-02
5.476391315460205078e-02 7.348480820655822754e-02
1.729386672377586365e-02 1.753241382539272308e-02
1.729386672377586365e-02 1.753241382539272308e-02
1.729386672377586365e-02 1.753241382539272308e-02
1.729386672377586365e-02 1.753241382539272308e-02
1.729386672377586365e-02 1.753241382539272308e-02
1.729386672377586365e-02 1.753241382539272308e-02
1.729386672377586365e-02 1.753241382539272308e-02
1.729386672377586365e-02 1.753241382539272308e-02
1.729386672377586365e-02 1.753241382539272308e-02
1.729386672377586365e-02 1.753241382539272308e-02
1.729386672377586365e-02 1.753241382539272308e-02
1.729386672377586365e-02 1.753241382539272308e-02
1.729386672377586365e-02 1.753241382539272308e-02
1.729386672377586365e-02 1.753241382539272308e-02
1.729386672377586365e-02 1.753241382539272308e-02
1.729386672377586365e-02 1.753241382539272308e-02
1.729386672377586365e-02 1.753241382539272308e-02
1.729386672377586365e-02 1.753241382539272308e-02
1.729386672377586365e-02 1.753241382539272308e-02
1.729386672377586365e-02 1.753241382539272308e-02
1.729386672377586365e-02 1.753241382539272308e-02
1.729386672377586365e-02 1.753241382539272308e-02
1.729386672377586365e-02 1.753241382539272308e-02
1.729386672377586365e-02 1.753241382539272308e-02
1.729386672377586365e-02 1.753241382539272308e-02
1.729386672377586365e-02 1.753241382539272308e-02
1.729386672377586365e-02 1.753241382539272308e-02
1.729386672377586365e-02 1.753241382539272308e-02
1.729386672377586365e-02 1.753241382539272308e-02
1.680661737918853760e-02 1.753241382539272308e-02
1.680661737918853760e-02 1.891376078128814697e-01
8.646933361887931824e-03 9.114668704569339752e-03
4.076203797012567520e-03 6.307587623596191406e-01
