5.782832205295562744e-02 5.792304500937461853e-02
5.782832205295562744e-02 5.923326313495635986e-02
5.619360879063606262e-02 5.638838559389114380e-02
5.619360879063606262e-02 5.638838559389114380e-02
5.619360879063606262e-02 5.638838559389114380e-02
5.619360879063606262e-02 5.638838559389114380e-02
5.619360879063606262e-02 5.638838559389114380e-02
5.619360879063606262e-02 5.629108101129531860e-02
5.550649762153625488e-02 5.629108101129531860e-02
5.511001870036125183e-02 5.858181789517402649e-02
5.481077730655670166e-02 5.638838559389114380e-02
5.430837720632553101e-02 5.619360879063606262e-02
5.339214205741882324e-02 5.349472165107727051e-02
5.339214205741882324e-02 5.461037158966064453e-02
5.297984182834625244e-02 5.308321863412857056e-02
5.297984182834625244e-02 5.308321863412857056e-02
5.297984182834625244e-02 5.308321863412857056e-02
5.297984182834625244e-02 5.308321863412857056e-02
5.297984182834625244e-02 5.308321863412857056e-02
5.297984182834625244e-02 5.308321863412857056e-02
5.297984182834625244e-02 5.339214205741882324e-02
5.297984182834625244e-02 5.308321863412857056e-02
5.297984182834625244e-02 6.078628823161125183e-02
5.151080712676048279e-02 5.172322317957878113e-02
5.151080712676048279e-02 5.638838559389114380e-02
5.010815709829330444e-02 5.043530836701393127e-02
4.966860264539718628e-02 5.969423055648803711e-02
2.648992091417312622e-02 2.669607102870941162e-02
2.648992091417312622e-02 2.669607102870941162e-02
2.648992091417312622e-02 2.669607102870941162e-02
2.648992091417312622e-02 2.669607102870941162e-02
2.648992091417312622e-02 2.669607102870941162e-02
2.317868173122406006e-02 2.341400273144245148e-02
2.317868173122406006e-02 2.341400273144245148e-02
2.317868173122406006e-02 2.341400273144245148e-02
2.317868173122406006e-02 2.341400273144245148e-02
2.317868173122406006e-02 2.341400273144245148e-02
2.317868173122406006e-02 2.341400273144245148e-02
2.317868173122406006e-02 2.341400273144245148e-02
2.317868173122406006e-02 2.341400273144245148e-02
1.986744068562984467e-02 2.014148794114589691e-02
1.986744068562984467e-02 2.014148794114589691e-02
1.986744068562984467e-02 2.014148794114589691e-02
1.986744068562984467e-02 2.014148794114589691e-02
1.986744068562984467e-02 2.014148794114589691e-02
1.986744068562984467e-02 2.014148794114589691e-02
1.986744068562984467e-02 2.014148794114589691e-02
1.986744068562984467e-02 2.014148794114589691e-02
1.986744068562984467e-02 2.014148794114589691e-02
1.986744068562984467e-02 2.014148794114589691e-02
1.986744068562984467e-02 1.442576199769973755e-01
1.930768229067325592e-02 1.986744068562984467e-02
4.682800732553005219e-03 6.238502860069274902e-01
