1.868523359298706055e-01 1.868984550237655640e-01
1.868523359298706055e-01 1.868984550237655640e-01
1.868523359298706055e-01 1.868984550237655640e-01
1.868523359298706055e-01 1.868984550237655640e-01
6.228410825133323669e-02 6.242236495018005371e-02
6.228410825133323669e-02 6.242236495018005371e-02
5.988494679331779480e-02 6.130759045481681824e-02
5.945151671767234802e-02 6.045802310109138489e-02
5.945151671767234802e-02 6.228410825133323669e-02
5.945151671767234802e-02 5.988494679331779480e-02
5.901490151882171631e-02 5.988494679331779480e-02
5.827994272112846375e-02 6.130759045481681824e-02
5.827994272112846375e-02 5.945151671767234802e-02
5.813183635473251343e-02 5.827994272112846375e-02
5.783448368310928345e-02 5.813183635473251343e-02
5.783448368310928345e-02 5.872202292084693909e-02
5.783448368310928345e-02 5.872202292084693909e-02
5.783448368310928345e-02 6.172798946499824524e-02
5.768523365259170532e-02 6.242236495018005371e-02
5.136079341173171997e-02 5.252257362008094788e-02
5.000000074505805969e-02 5.017211660742759705e-02
4.982728883624076843e-02 5.000000074505805969e-02
4.860112071037292480e-02 5.000000074505805969e-02
4.842342063784599304e-02 4.860112071037292480e-02
4.842342063784599304e-02 4.860112071037292480e-02
4.586336389183998108e-02 4.642383381724357605e-02
4.586336389183998108e-02 4.642383381724357605e-02
4.472136124968528748e-02 4.491370916366577148e-02
4.472136124968528748e-02 4.491370916366577148e-02
4.472136124968528748e-02 4.586336389183998108e-02
4.413927718997001648e-02 4.491370916366577148e-02
4.275027662515640259e-02 5.461463704705238342e-02
2.491364441812038422e-02 2.525729686021804810e-02
2.491364441812038422e-02 2.525729686021804810e-02
2.491364441812038422e-02 2.525729686021804810e-02
2.491364441812038422e-02 2.525729686021804810e-02
2.491364441812038422e-02 2.525729686021804810e-02
2.491364441812038422e-02 2.525729686021804810e-02
2.491364441812038422e-02 2.525729686021804810e-02
2.491364441812038422e-02 2.525729686021804810e-02
2.491364441812038422e-02 2.525729686021804810e-02
2.491364441812038422e-02 2.525729686021804810e-02
2.491364441812038422e-02 2.525729686021804810e-02
2.236068062484264374e-02 2.525729686021804810e-02
2.117252536118030548e-02 1.875890642404556274e-01
8.304548449814319611e-03 9.284767322242259979e-03
5.872202105820178986e-03 5.854706168174743652e-01
