5.431479588150978088e-02 5.461908131837844849e-02
5.292385816574096680e-02 5.308020487427711487e-02
5.149536579847335815e-02 5.292385816574096680e-02
5.149536579847335815e-02 5.308020487427711487e-02
5.035630613565444946e-02 5.354651436209678650e-02
4.919087886810302734e-02 4.969369247555732727e-02
4.919087886810302734e-02 4.952665418386459351e-02
4.919087886810302734e-02 4.952665418386459351e-02
4.919087886810302734e-02 4.952665418386459351e-02
4.885279387235641479e-02 4.902212694287300110e-02
4.747638106346130371e-02 5.035630613565444946e-02
4.641729593276977539e-02 4.747638106346130371e-02
4.496639221906661987e-02 4.551590234041213989e-02
4.478172585368156433e-02 4.496639221906661987e-02
4.478172585368156433e-02 4.496639221906661987e-02
4.478172585368156433e-02 4.496639221906661987e-02
4.478172585368156433e-02 4.496639221906661987e-02
4.478172585368156433e-02 4.496639221906661987e-02
4.478172585368156433e-02 4.496639221906661987e-02
4.478172585368156433e-02 4.496639221906661987e-02
4.478172585368156433e-02 4.496639221906661987e-02
4.478172585368156433e-02 4.496639221906661987e-02
4.478172585368156433e-02 4.496639221906661987e-02
4.151688888669013977e-02 4.191419109702110291e-02
4.151688888669013977e-02 4.478172585368156433e-02
4.091370850801467896e-02 4.902212694287300110e-02
4.009535163640975952e-02 4.071066156029701233e-02
4.009535163640975952e-02 6.200863048434257507e-02
1.628426462411880493e-02 1.678543537855148315e-02
1.628426462411880493e-02 1.678543537855148315e-02
1.628426462411880493e-02 1.678543537855148315e-02
1.628426462411880493e-02 1.678543537855148315e-02
1.628426462411880493e-02 1.678543537855148315e-02
1.628426462411880493e-02 1.678543537855148315e-02
1.628426462411880493e-02 1.717584580183029175e-01
5.757356528192758560e-03 6.228731274604797363e-01
