6.347791850566864014e-02 6.408537179231643677e-02
5.905099958181381226e-02 5.918207764625549316e-02
5.567381531000137329e-02 5.595149099826812744e-02
5.511426553130149841e-02 5.525468662381172180e-02
5.511426553130149841e-02 5.525468662381172180e-02
5.511426553130149841e-02 5.525468662381172180e-02
5.511426553130149841e-02 5.525468662381172180e-02
5.511426553130149841e-02 5.525468662381172180e-02
5.511426553130149841e-02 5.525468662381172180e-02
5.511426553130149841e-02 5.525468662381172180e-02
5.511426553130149841e-02 5.525468662381172180e-02
5.511426553130149841e-02 5.525468662381172180e-02
5.511426553130149841e-02 6.599167734384536743e-02
5.117753148078918457e-02 5.132872238755226135e-02
5.010643601417541504e-02 5.041478574275970459e-02
4.979617521166801453e-02 5.117753148078918457e-02
4.979617521166801453e-02 5.132872238755226135e-02
4.869470000267028809e-02 5.117753148078918457e-02
4.869470000267028809e-02 6.516452878713607788e-02
4.590980336070060730e-02 4.740454629063606262e-02
4.488566517829895020e-02 4.607828333973884583e-02
4.401401802897453308e-02 5.595149099826812744e-02
2.640840969979763031e-02 2.755713276565074921e-02
2.362040057778358459e-02 2.394621446728706360e-02
2.362040057778358459e-02 2.394621446728706360e-02
2.362040057778358459e-02 2.394621446728706360e-02
2.362040057778358459e-02 2.394621446728706360e-02
2.362040057778358459e-02 2.394621446728706360e-02
2.362040057778358459e-02 2.394621446728706360e-02
2.362040057778358459e-02 2.394621446728706360e-02
2.362040057778358459e-02 2.394621446728706360e-02
2.362040057778358459e-02 2.394621446728706360e-02
2.362040057778358459e-02 2.394621446728706360e-02
2.362040057778358459e-02 2.394621446728706360e-02
2.362040057778358459e-02 2.394621446728706360e-02
2.362040057778358459e-02 2.394621446728706360e-02
2.362040057778358459e-02 2.394621446728706360e-02
2.362040057778358459e-02 2.394621446728706360e-02
2.362040057778358459e-02 2.394621446728706360e-02
2.362040057778358459e-02 2.394621446728706360e-02
2.362040057778358459e-02 2.394621446728706360e-02
2.362040057778358459e-02 2.394621446728706360e-02
2.295490168035030365e-02 2.394621446728706360e-02
2.119995839893817902e-02 2.394621446728706360e-02
2.119995839893817902e-02 2.394621446728706360e-02
2.119995839893817902e-02 1.707834601402282715e-01
1.113476324826478958e-02 1.181020028889179230e-02
5.567381624132394791e-03 6.398493647575378418e-01
