1.300000000000000000e+01 1.303840446472167969e+01
1.204159450531005859e+01 1.208304595947265625e+01
1.200000000000000000e+01 1.204159450531005859e+01
1.200000000000000000e+01 1.204159450531005859e+01
1.200000000000000000e+01 1.204159450531005859e+01
1.200000000000000000e+01 1.204159450531005859e+01
1.170469951629638672e+01 1.204159450531005859e+01
1.166190338134765625e+01 1.170469951629638672e+01
1.166190338134765625e+01 1.170469951629638672e+01
1.166190338134765625e+01 1.208304595947265625e+01
1.131370830535888672e+01 1.140175437927246094e+01
1.131370830535888672e+01 1.140175437927246094e+01
1.131370830535888672e+01 1.140175437927246094e+01
1.131370830535888672e+01 1.140175437927246094e+01
1.131370830535888672e+01 1.140175437927246094e+01
1.118033981323242188e+01 1.131370830535888672e+01
1.118033981323242188e+01 1.131370830535888672e+01
1.118033981323242188e+01 1.131370830535888672e+01
1.118033981323242188e+01 1.131370830535888672e+01
1.118033981323242188e+01 1.131370830535888672e+01
1.118033981323242188e+01 1.131370830535888672e+01
1.118033981323242188e+01 1.140175437927246094e+01
1.118033981323242188e+01 1.140175437927246094e+01
1.118033981323242188e+01 1.131370830535888672e+01
1.118033981323242188e+01 1.131370830535888672e+01
1.104536056518554688e+01 1.118033981323242188e+01
1.100000000000000000e+01 1.104536056518554688e+01
1.100000000000000000e+01 1.104536056518554688e+01
1.100000000000000000e+01 1.104536056518554688e+01
1.100000000000000000e+01 1.104536056518554688e+01
1.100000000000000000e+01 1.104536056518554688e+01
1.100000000000000000e+01 1.104536056518554688e+01
1.100000000000000000e+01 1.104536056518554688e+01
1.100000000000000000e+01 1.104536056518554688e+01
1.100000000000000000e+01 1.104536056518554688e+01
1.100000000000000000e+01 1.104536056518554688e+01
1.100000000000000000e+01 1.104536056518554688e+01
1.100000000000000000e+01 1.104536056518554688e+01
1.081665420532226562e+01 1.131370830535888672e+01
1.081665420532226562e+01 1.140175437927246094e+01
1.077032947540283203e+01 1.081665420532226562e+01
1.077032947540283203e+01 1.100000000000000000e+01
1.077032947540283203e+01 1.081665420532226562e+01
1.077032947540283203e+01 1.118033981323242188e+01
1.063014602661132812e+01 1.077032947540283203e+01
1.044030666351318359e+01 1.104536056518554688e+01
1.044030666351318359e+01 1.140175437927246094e+01
1.029563045501708984e+01 1.044030666351318359e+01
1.029563045501708984e+01 1.044030666351318359e+01
1.029563045501708984e+01 1.170469951629638672e+01
1.029563045501708984e+01 1.063014602661132812e+01
1.004987525939941406e+01 1.360147094726562500e+01
1.000000000000000000e+01 1.044030666351318359e+01
1.000000000000000000e+01 1.063014602661132812e+01
9.899495124816894531e+00 1.044030666351318359e+01
9.899495124816894531e+00 1.220655536651611328e+01
4.000000000000000000e+00 4.123105525970458984e+00
3.000000000000000000e+00 3.162277698516845703e+00
3.000000000000000000e+00 3.162277698516845703e+00
3.000000000000000000e+00 3.162277698516845703e+00
3.000000000000000000e+00 6.741661834716796875e+01
1.414213538169860840e+00 1.790000000000000000e+02
