8.205486297607421875e+01 8.318653869628906250e+01
8.005622863769531250e+01 8.256512451171875000e+01
7.849203491210937500e+01 8.015609741210937500e+01
7.849203491210937500e+01 8.633075714111328125e+01
7.720103454589843750e+01 8.600000000000000000e+01
7.692203521728515625e+01 8.420214080810546875e+01
7.513321685791015625e+01 8.634812927246093750e+01
7.400675964355468750e+01 8.905054473876953125e+01
8.000000000000000000e+00 8.062257766723632812e+00
8.000000000000000000e+00 8.062257766723632812e+00
6.403124332427978516e+00 6.708203792572021484e+00
2.828427076339721680e+00 3.000000000000000000e+00
2.828427076339721680e+00 3.000000000000000000e+00
2.828427076339721680e+00 3.000000000000000000e+00
1.414213538169860840e+00 1.414814453125000000e+02
