2.833409905433654785e-01 2.844341397285461426e-01
2.524962127208709717e-01 2.525735497474670410e-01
2.476013451814651489e-01 2.478378713130950928e-01
2.421779781579971313e-01 2.526336908340454102e-01
1.930318176746368408e-01 1.935707032680511475e-01
1.927955895662307739e-01 1.936715841293334961e-01
1.916666626930236816e-01 1.916779875755310059e-01
1.916666626930236816e-01 1.916779875755310059e-01
1.916666626930236816e-01 1.916779875755310059e-01
1.916666626930236816e-01 1.916779875755310059e-01
1.912245750427246094e-01 1.916779875755310059e-01
1.895947754383087158e-01 1.897663921117782593e-01
1.895947754383087158e-01 1.896863281726837158e-01
1.895833313465118408e-01 1.936715841293334961e-01
2.946278313174843788e-03 2.854850888252258301e-01
