2.896121442317962646e-01 2.896753847599029541e-01
2.417402416467666626e-01 2.418728023767471313e-01
2.413611114025115967e-01 2.413895577192306519e-01
2.413611114025115967e-01 2.416549921035766602e-01
2.401342988014221191e-01 2.408197969198226929e-01
2.396666556596755981e-01 2.396857589483261108e-01
2.019326537847518921e-01 2.420998811721801758e-01
1.861819326877593994e-01 1.862188130617141724e-01
1.861696392297744751e-01 1.861819326877593994e-01
1.861696392297744751e-01 1.861819326877593994e-01
1.861696392297744751e-01 1.861819326877593994e-01
1.861696392297744751e-01 1.861819326877593994e-01
1.861696392297744751e-01 1.861819326877593994e-01
1.861696392297744751e-01 1.861819326877593994e-01
1.861696392297744751e-01 1.861819326877593994e-01
1.861696392297744751e-01 1.861819326877593994e-01
1.861696392297744751e-01 1.861819326877593994e-01
1.861696392297744751e-01 1.861819326877593994e-01
1.861696392297744751e-01 1.861819326877593994e-01
1.861696392297744751e-01 1.861819326877593994e-01
1.861696392297744751e-01 1.862188130617141724e-01
3.026248421519994736e-03 2.927260100841522217e-01
