1.056875661015510559e-01 1.057071015238761902e-01
1.056875661015510559e-01 1.057071015238761902e-01
1.056875661015510559e-01 1.057071015238761902e-01
1.056875661015510559e-01 1.057071015238761902e-01
1.056875661015510559e-01 1.057071015238761902e-01
1.056875661015510559e-01 1.057071015238761902e-01
1.056875661015510559e-01 1.057071015238761902e-01
1.056875661015510559e-01 1.057071015238761902e-01
1.056875661015510559e-01 1.057071015238761902e-01
1.056875661015510559e-01 1.057071015238761902e-01
1.056875661015510559e-01 1.057071015238761902e-01
9.776923805475234985e-02 9.816980361938476562e-02
2.874322701245546341e-03 4.064906388521194458e-03
2.874322701245546341e-03 4.119266569614410400e-01
