1.732083112001419067e-01 1.732698827981948853e-01
1.732083112001419067e-01 1.732237040996551514e-01
1.732083112001419067e-01 1.732237040996551514e-01
1.732083112001419067e-01 1.732237040996551514e-01
1.732083112001419067e-01 1.732237040996551514e-01
1.732083112001419067e-01 1.732237040996551514e-01
1.732083112001419067e-01 1.732237040996551514e-01
1.732083112001419067e-01 1.732237040996551514e-01
1.732083112001419067e-01 1.732237040996551514e-01
1.732083112001419067e-01 1.732237040996551514e-01
1.732083112001419067e-01 1.732237040996551514e-01
1.732083112001419067e-01 1.732237040996551514e-01
1.732083112001419067e-01 1.732237040996551514e-01
1.732083112001419067e-01 1.732237040996551514e-01
1.732083112001419067e-01 1.732237040996551514e-01
1.732083112001419067e-01 1.732237040996551514e-01
1.732083112001419067e-01 1.732237040996551514e-01
1.732083112001419067e-01 1.732237040996551514e-01
1.732083112001419067e-01 1.732237040996551514e-01
1.732083112001419067e-01 1.732237040996551514e-01
1.732083112001419067e-01 1.732237040996551514e-01
1.732083112001419067e-01 1.732237040996551514e-01
1.732083112001419067e-01 1.732237040996551514e-01
1.732083112001419067e-01 1.732237040996551514e-01
1.732083112001419067e-01 1.732237040996551514e-01
1.732083112001419067e-01 1.732237040996551514e-01
1.732083112001419067e-01 1.732237040996551514e-01
1.732083112001419067e-01 1.732237040996551514e-01
1.732083112001419067e-01 1.732237040996551514e-01
1.732083112001419067e-01 1.732237040996551514e-01
1.732083112001419067e-01 1.732237040996551514e-01
1.732083112001419067e-01 1.732237040996551514e-01
1.732083112001419067e-01 1.732237040996551514e-01
1.732083112001419067e-01 1.732237040996551514e-01
1.732083112001419067e-01 1.732237040996551514e-01
1.732083112001419067e-01 1.732237040996551514e-01
1.732083112001419067e-01 1.732237040996551514e-01
1.732083112001419067e-01 1.732237040996551514e-01
1.732083112001419067e-01 1.732237040996551514e-01
1.732083112001419067e-01 1.732237040996551514e-01
1.732083112001419067e-01 1.732237040996551514e-01
1.732083112001419067e-01 1.732237040996551514e-01
1.732083112001419067e-01 1.732237040996551514e-01
1.732083112001419067e-01 1.732237040996551514e-01
1.732083112001419067e-01 1.732237040996551514e-01
1.716617792844772339e-01 1.732237040996551514e-01
1.709144711494445801e-01 1.710392534732818604e-01
1.708988696336746216e-01 1.732237040996551514e-01
1.576523482799530029e-01 1.580746620893478394e-01
1.568042933940887451e-01 1.570591777563095093e-01
1.558318734169006348e-01 1.570422053337097168e-01
1.551630347967147827e-01 1.563103049993515015e-01
1.532782167196273804e-01 1.547327637672424316e-01
1.527029871940612793e-01 1.545948237180709839e-01
1.524932831525802612e-01 1.545948237180709839e-01
1.524233222007751465e-01 1.524932831525802612e-01
1.524233222007751465e-01 1.524932831525802612e-01
1.524233222007751465e-01 1.524408161640167236e-01
1.524233222007751465e-01 1.524408161640167236e-01
1.524233222007751465e-01 1.524408161640167236e-01
1.524233222007751465e-01 1.547327637672424316e-01
1.524233222007751465e-01 1.525806933641433716e-01
1.524233222007751465e-01 1.525806933641433716e-01
1.524233222007751465e-01 1.525806933641433716e-01
1.524233222007751465e-01 1.524408161640167236e-01
1.524233222007751465e-01 1.524408161640167236e-01
1.524233222007751465e-01 1.524408161640167236e-01
1.524233222007751465e-01 1.524408161640167236e-01
1.524233222007751465e-01 1.524408161640167236e-01
1.524233222007751465e-01 1.524408161640167236e-01
1.524233222007751465e-01 1.524408161640167236e-01
1.524233222007751465e-01 1.524408161640167236e-01
1.524233222007751465e-01 1.524408161640167236e-01
1.524233222007751465e-01 1.524932831525802612e-01
1.524233222007751465e-01 1.524932831525802612e-01
1.524233222007751465e-01 1.524932831525802612e-01
1.524233222007751465e-01 1.530867069959640503e-01
1.522482633590698242e-01 1.590836644172668457e-01
1.358455866575241089e-01 1.778421998023986816e-01
1.339477598667144775e-01 1.339676678180694580e-01
1.339477598667144775e-01 1.339676678180694580e-01
1.339477598667144775e-01 1.339676678180694580e-01
1.339477598667144775e-01 1.339676678180694580e-01
1.339477598667144775e-01 1.339676678180694580e-01
1.339477598667144775e-01 1.339676678180694580e-01
1.339477598667144775e-01 1.339676678180694580e-01
1.339477598667144775e-01 1.339676678180694580e-01
1.339477598667144775e-01 1.339676678180694580e-01
1.339477598667144775e-01 1.339676678180694580e-01
1.339477598667144775e-01 1.339676678180694580e-01
1.339477598667144775e-01 1.339676678180694580e-01
1.339477598667144775e-01 1.339676678180694580e-01
1.339477598667144775e-01 1.339676678180694580e-01
1.339477598667144775e-01 1.339676678180694580e-01
1.339477598667144775e-01 1.339676678180694580e-01
1.339477598667144775e-01 1.339676678180694580e-01
1.339477598667144775e-01 1.339676678180694580e-01
1.339477598667144775e-01 1.339676678180694580e-01
1.339477598667144775e-01 1.339676678180694580e-01
1.339477598667144775e-01 1.339676678180694580e-01
1.339477598667144775e-01 1.339676678180694580e-01
1.339477598667144775e-01 1.339676678180694580e-01
1.339477598667144775e-01 1.339676678180694580e-01
1.339477598667144775e-01 1.339676678180694580e-01
1.339477598667144775e-01 1.339676678180694580e-01
1.339477598667144775e-01 1.339676678180694580e-01
1.339477598667144775e-01 1.339676678180694580e-01
1.339477598667144775e-01 1.339676678180694580e-01
1.339477598667144775e-01 1.339676678180694580e-01
1.339477598667144775e-01 1.339676678180694580e-01
1.339477598667144775e-01 1.339676678180694580e-01
1.339477598667144775e-01 1.339676678180694580e-01
1.339477598667144775e-01 1.339676678180694580e-01
1.339477598667144775e-01 1.339676678180694580e-01
1.339477598667144775e-01 1.339676678180694580e-01
1.339477598667144775e-01 1.339676678180694580e-01
1.339477598667144775e-01 1.339676678180694580e-01
1.339477598667144775e-01 1.339676678180694580e-01
7.462042570114135742e-02 1.275432258844375610e-01
5.680481716990470886e-02 1.363354772329330444e-01
3.926055133342742920e-02 3.932841867208480835e-02
3.926055133342742920e-02 3.932841867208480835e-02
3.926055133342742920e-02 3.932841867208480835e-02
3.926055133342742920e-02 3.932841867208480835e-02
3.926055133342742920e-02 3.932841867208480835e-02
3.926055133342742920e-02 3.932841867208480835e-02
3.926055133342742920e-02 3.932841867208480835e-02
3.926055133342742920e-02 3.932841867208480835e-02
3.926055133342742920e-02 3.932841867208480835e-02
3.926055133342742920e-02 3.932841867208480835e-02
3.926055133342742920e-02 3.932841867208480835e-02
3.926055133342742920e-02 3.932841867208480835e-02
3.926055133342742920e-02 3.932841867208480835e-02
3.926055133342742920e-02 3.932841867208480835e-02
3.926055133342742920e-02 3.932841867208480835e-02
3.926055133342742920e-02 3.932841867208480835e-02
3.926055133342742920e-02 3.932841867208480835e-02
3.926055133342742920e-02 3.932841867208480835e-02
3.926055133342742920e-02 3.932841867208480835e-02
3.926055133342742920e-02 3.932841867208480835e-02
3.926055133342742920e-02 3.932841867208480835e-02
3.926055133342742920e-02 3.932841867208480835e-02
3.926055133342742920e-02 3.932841867208480835e-02
3.695110604166984558e-02 3.702320531010627747e-02
3.695110604166984558e-02 3.702320531010627747e-02
3.695110604166984558e-02 3.702320531010627747e-02
3.695110604166984558e-02 3.702320531010627747e-02
3.695110604166984558e-02 3.702320531010627747e-02
3.695110604166984558e-02 3.702320531010627747e-02
3.695110604166984558e-02 3.702320531010627747e-02
3.695110604166984558e-02 3.702320531010627747e-02
3.695110604166984558e-02 3.702320531010627747e-02
3.695110604166984558e-02 3.702320531010627747e-02
3.695110604166984558e-02 3.702320531010627747e-02
3.695110604166984558e-02 3.702320531010627747e-02
3.695110604166984558e-02 3.702320531010627747e-02
3.695110604166984558e-02 3.702320531010627747e-02
3.695110604166984558e-02 3.702320531010627747e-02
3.695110604166984558e-02 3.702320531010627747e-02
3.695110604166984558e-02 3.702320531010627747e-02
3.695110604166984558e-02 3.702320531010627747e-02
3.695110604166984558e-02 3.702320531010627747e-02
3.695110604166984558e-02 3.702320531010627747e-02
3.695110604166984558e-02 3.702320531010627747e-02
3.695110604166984558e-02 3.702320531010627747e-02
3.695110604166984558e-02 3.702320531010627747e-02
3.695110604166984558e-02 3.702320531010627747e-02
3.695110604166984558e-02 3.702320531010627747e-02
3.695110604166984558e-02 3.702320531010627747e-02
3.695110604166984558e-02 3.702320531010627747e-02
3.695110604166984558e-02 3.702320531010627747e-02
3.695110604166984558e-02 3.702320531010627747e-02
3.695110604166984558e-02 3.702320531010627747e-02
3.695110604166984558e-02 3.702320531010627747e-02
3.695110604166984558e-02 3.702320531010627747e-02
3.695110604166984558e-02 3.702320531010627747e-02
3.695110604166984558e-02 3.702320531010627747e-02
3.695110604166984558e-02 3.702320531010627747e-02
3.695110604166984558e-02 3.702320531010627747e-02
3.695110604166984558e-02 3.702320531010627747e-02
3.695110604166984558e-02 3.702320531010627747e-02
3.695110604166984558e-02 3.702320531010627747e-02
3.695110604166984558e-02 3.702320531010627747e-02
3.464166447520256042e-02 3.494823351502418518e-02
3.464166447520256042e-02 3.494823351502418518e-02
3.464166447520256042e-02 3.494823351502418518e-02
3.464166447520256042e-02 3.471855819225311279e-02
3.464166447520256042e-02 3.471855819225311279e-02
3.464166447520256042e-02 3.471855819225311279e-02
3.464166447520256042e-02 3.471855819225311279e-02
3.464166447520256042e-02 3.471855819225311279e-02
3.464166447520256042e-02 3.471855819225311279e-02
3.464166447520256042e-02 3.471855819225311279e-02
3.464166447520256042e-02 3.471855819225311279e-02
3.464166447520256042e-02 3.471855819225311279e-02
3.464166447520256042e-02 3.471855819225311279e-02
3.464166447520256042e-02 3.471855819225311279e-02
3.464166447520256042e-02 3.471855819225311279e-02
3.464166447520256042e-02 3.471855819225311279e-02
3.464166447520256042e-02 3.471855819225311279e-02
3.464166447520256042e-02 3.471855819225311279e-02
3.464166447520256042e-02 3.471855819225311279e-02
3.464166447520256042e-02 3.471855819225311279e-02
3.464166447520256042e-02 3.471855819225311279e-02
3.464166447520256042e-02 3.471855819225311279e-02
3.464166447520256042e-02 3.471855819225311279e-02
3.464166447520256042e-02 3.471855819225311279e-02
3.464166447520256042e-02 3.471855819225311279e-02
3.464166447520256042e-02 3.471855819225311279e-02
3.464166447520256042e-02 3.471855819225311279e-02
3.464166447520256042e-02 3.471855819225311279e-02
3.464166447520256042e-02 3.471855819225311279e-02
3.464166447520256042e-02 3.471855819225311279e-02
3.464166447520256042e-02 3.471855819225311279e-02
3.464166447520256042e-02 3.471855819225311279e-02
3.464166447520256042e-02 3.471855819225311279e-02
3.464166447520256042e-02 3.471855819225311279e-02
3.464166447520256042e-02 3.471855819225311279e-02
3.464166447520256042e-02 3.471855819225311279e-02
3.464166447520256042e-02 3.471855819225311279e-02
3.464166447520256042e-02 3.471855819225311279e-02
3.464166447520256042e-02 3.471855819225311279e-02
3.464166447520256042e-02 3.471855819225311279e-02
3.464166447520256042e-02 3.471855819225311279e-02
3.464166447520256042e-02 3.471855819225311279e-02
3.464166447520256042e-02 3.471855819225311279e-02
3.464166447520256042e-02 3.471855819225311279e-02
3.464166447520256042e-02 3.471855819225311279e-02
3.464166447520256042e-02 3.471855819225311279e-02
3.464166447520256042e-02 3.471855819225311279e-02
3.464166447520256042e-02 3.471855819225311279e-02
3.464166447520256042e-02 3.471855819225311279e-02
3.464166447520256042e-02 3.471855819225311279e-02
3.464166447520256042e-02 3.471855819225311279e-02
3.464166447520256042e-02 3.471855819225311279e-02
3.464166447520256042e-02 3.471855819225311279e-02
3.464166447520256042e-02 3.471855819225311279e-02
3.464166447520256042e-02 3.471855819225311279e-02
3.464166447520256042e-02 3.471855819225311279e-02
3.464166447520256042e-02 3.471855819225311279e-02
3.464166447520256042e-02 3.471855819225311279e-02
3.464166447520256042e-02 3.471855819225311279e-02
3.464166447520256042e-02 3.471855819225311279e-02
3.464166447520256042e-02 3.471855819225311279e-02
3.464166447520256042e-02 3.471855819225311279e-02
3.464166447520256042e-02 3.471855819225311279e-02
3.464166447520256042e-02 3.471855819225311279e-02
3.464166447520256042e-02 3.471855819225311279e-02
3.464166447520256042e-02 3.695110604166984558e-02
3.464166447520256042e-02 3.471855819225311279e-02
3.464166447520256042e-02 3.471855819225311279e-02
3.464166447520256042e-02 3.471855819225311279e-02
3.464166447520256042e-02 3.471855819225311279e-02
3.464166447520256042e-02 3.471855819225311279e-02
3.464166447520256042e-02 3.471855819225311279e-02
3.464166447520256042e-02 3.471855819225311279e-02
3.464166447520256042e-02 3.471855819225311279e-02
3.464166447520256042e-02 3.471855819225311279e-02
3.464166447520256042e-02 3.471855819225311279e-02
3.464166447520256042e-02 3.471855819225311279e-02
3.464166447520256042e-02 3.471855819225311279e-02
3.464166447520256042e-02 3.471855819225311279e-02
3.464166447520256042e-02 3.471855819225311279e-02
3.464166447520256042e-02 3.471855819225311279e-02
3.464166447520256042e-02 3.471855819225311279e-02
3.464166447520256042e-02 3.471855819225311279e-02
3.464166447520256042e-02 3.471855819225311279e-02
3.464166447520256042e-02 3.471855819225311279e-02
3.464166447520256042e-02 3.471855819225311279e-02
3.464166447520256042e-02 3.471855819225311279e-02
3.464166447520256042e-02 3.471855819225311279e-02
3.464166447520256042e-02 3.471855819225311279e-02
3.464166447520256042e-02 3.471855819225311279e-02
3.464166447520256042e-02 3.471855819225311279e-02
3.464166447520256042e-02 3.471855819225311279e-02
3.464166447520256042e-02 3.471855819225311279e-02
3.464166447520256042e-02 3.471855819225311279e-02
3.464166447520256042e-02 3.471855819225311279e-02
3.464166447520256042e-02 3.471855819225311279e-02
3.464166447520256042e-02 3.471855819225311279e-02
3.464166447520256042e-02 3.471855819225311279e-02
3.464166447520256042e-02 3.471855819225311279e-02
3.464166447520256042e-02 3.471855819225311279e-02
3.464166447520256042e-02 3.471855819225311279e-02
3.464166447520256042e-02 3.471855819225311279e-02
3.464166447520256042e-02 3.471855819225311279e-02
3.233221918344497681e-02 3.932841867208480835e-02
3.233221918344497681e-02 3.241459280252456665e-02
3.233221918344497681e-02 3.241459280252456665e-02
3.233221918344497681e-02 3.241459280252456665e-02
3.233221918344497681e-02 3.241459280252456665e-02
3.233221918344497681e-02 3.241459280252456665e-02
3.233221918344497681e-02 3.241459280252456665e-02
3.233221918344497681e-02 3.241459280252456665e-02
3.233221918344497681e-02 3.241459280252456665e-02
3.233221918344497681e-02 3.241459280252456665e-02
3.233221918344497681e-02 3.241459280252456665e-02
3.233221918344497681e-02 3.266047313809394836e-02
3.233221918344497681e-02 3.471855819225311279e-02
3.233221918344497681e-02 3.266047313809394836e-02
3.233221918344497681e-02 3.241459280252456665e-02
3.233221918344497681e-02 3.241459280252456665e-02
3.233221918344497681e-02 3.241459280252456665e-02
3.233221918344497681e-02 3.241459280252456665e-02
3.233221918344497681e-02 3.241459280252456665e-02
3.233221918344497681e-02 3.241459280252456665e-02
3.233221918344497681e-02 3.409853577613830566e-02
3.233221918344497681e-02 3.241459280252456665e-02
3.233221918344497681e-02 3.241459280252456665e-02
3.233221918344497681e-02 3.241459280252456665e-02
3.233221918344497681e-02 3.241459280252456665e-02
3.233221918344497681e-02 3.241459280252456665e-02
3.233221918344497681e-02 3.241459280252456665e-02
3.233221918344497681e-02 3.306620940566062927e-02
3.233221918344497681e-02 3.241459280252456665e-02
3.233221918344497681e-02 3.241459280252456665e-02
3.233221918344497681e-02 3.241459280252456665e-02
3.233221918344497681e-02 3.241459280252456665e-02
3.233221918344497681e-02 3.241459280252456665e-02
3.233221918344497681e-02 3.241459280252456665e-02
3.233221918344497681e-02 3.241459280252456665e-02
3.233221918344497681e-02 3.241459280252456665e-02
3.233221918344497681e-02 3.241459280252456665e-02
3.233221918344497681e-02 3.241459280252456665e-02
3.233221918344497681e-02 3.241459280252456665e-02
3.233221918344497681e-02 3.241459280252456665e-02
3.233221918344497681e-02 3.241459280252456665e-02
3.233221918344497681e-02 3.241459280252456665e-02
3.233221918344497681e-02 3.241459280252456665e-02
3.233221918344497681e-02 3.241459280252456665e-02
3.233221918344497681e-02 3.241459280252456665e-02
3.233221918344497681e-02 3.241459280252456665e-02
3.233221918344497681e-02 3.241459280252456665e-02
3.233221918344497681e-02 3.241459280252456665e-02
3.233221918344497681e-02 3.241459280252456665e-02
3.233221918344497681e-02 3.241459280252456665e-02
3.233221918344497681e-02 3.306620940566062927e-02
3.233221918344497681e-02 3.241459280252456665e-02
3.233221918344497681e-02 3.241459280252456665e-02
3.233221918344497681e-02 3.241459280252456665e-02
3.233221918344497681e-02 3.241459280252456665e-02
3.233221918344497681e-02 3.241459280252456665e-02
3.233221918344497681e-02 3.241459280252456665e-02
3.233221918344497681e-02 3.241459280252456665e-02
3.233221918344497681e-02 3.241459280252456665e-02
3.233221918344497681e-02 3.241459280252456665e-02
3.233221918344497681e-02 3.241459280252456665e-02
3.233221918344497681e-02 3.241459280252456665e-02
3.233221918344497681e-02 3.241459280252456665e-02
3.233221918344497681e-02 3.241459280252456665e-02
3.233221918344497681e-02 3.241459280252456665e-02
3.233221918344497681e-02 3.241459280252456665e-02
3.233221918344497681e-02 3.241459280252456665e-02
3.233221918344497681e-02 3.241459280252456665e-02
3.233221918344497681e-02 3.241459280252456665e-02
3.233221918344497681e-02 3.241459280252456665e-02
3.233221918344497681e-02 3.241459280252456665e-02
3.233221918344497681e-02 3.241459280252456665e-02
3.233221918344497681e-02 3.241459280252456665e-02
3.233221918344497681e-02 3.241459280252456665e-02
3.233221918344497681e-02 3.241459280252456665e-02
3.233221918344497681e-02 3.241459280252456665e-02
3.233221918344497681e-02 3.241459280252456665e-02
3.233221918344497681e-02 3.241459280252456665e-02
3.233221918344497681e-02 3.241459280252456665e-02
3.233221918344497681e-02 3.241459280252456665e-02
3.233221918344497681e-02 3.241459280252456665e-02
3.233221918344497681e-02 3.241459280252456665e-02
3.233221918344497681e-02 3.241459280252456665e-02
3.233221918344497681e-02 3.241459280252456665e-02
3.233221918344497681e-02 3.241459280252456665e-02
3.233221918344497681e-02 3.241459280252456665e-02
3.233221918344497681e-02 3.241459280252456665e-02
3.233221918344497681e-02 3.241459280252456665e-02
3.233221918344497681e-02 3.241459280252456665e-02
3.141183778643608093e-02 3.241459280252456665e-02
3.141183778643608093e-02 3.241459280252456665e-02
3.141183778643608093e-02 3.241459280252456665e-02
3.141183778643608093e-02 3.241459280252456665e-02
3.081182762980461121e-02 3.241459280252456665e-02
3.037599660456180573e-02 3.702320531010627747e-02
3.002277389168739319e-02 3.037599660456180573e-02
3.002277389168739319e-02 3.037599660456180573e-02
3.002277389168739319e-02 3.011146746575832367e-02
3.002277389168739319e-02 3.241459280252456665e-02
3.266047220677137375e-03 1.919063329696655273e-01
