5.772348022460937500e+01 5.787054443359375000e+01
5.724508666992187500e+01 5.728001403808593750e+01
5.724508666992187500e+01 7.702597045898437500e+01
5.531726837158203125e+01 5.536244201660156250e+01
5.508175659179687500e+01 5.510898208618164062e+01
5.508175659179687500e+01 7.400000000000000000e+01
3.800000000000000000e+01 3.801315689086914062e+01
3.600000000000000000e+01 3.601388549804687500e+01
3.600000000000000000e+01 3.601388549804687500e+01
3.500000000000000000e+01 3.501428222656250000e+01
3.500000000000000000e+01 3.501428222656250000e+01
3.500000000000000000e+01 3.501428222656250000e+01
3.500000000000000000e+01 3.501428222656250000e+01
3.500000000000000000e+01 3.501428222656250000e+01
3.500000000000000000e+01 3.501428222656250000e+01
3.500000000000000000e+01 3.501428222656250000e+01
3.500000000000000000e+01 3.501428222656250000e+01
3.500000000000000000e+01 3.501428222656250000e+01
3.500000000000000000e+01 3.501428222656250000e+01
3.500000000000000000e+01 3.501428222656250000e+01
3.500000000000000000e+01 3.501428222656250000e+01
3.500000000000000000e+01 3.501428222656250000e+01
3.500000000000000000e+01 3.501428222656250000e+01
3.500000000000000000e+01 3.501428222656250000e+01
3.500000000000000000e+01 3.501428222656250000e+01
3.500000000000000000e+01 4.802082824707031250e+01
1.414213538169860840e+00 8.062257385253906250e+01
