4.491102218627929688e+01 4.492215347290039062e+01
4.393176651000976562e+01 4.438468170166015625e+01
3.921734237670898438e+01 3.929376602172851562e+01
3.905124664306640625e+01 3.921734237670898438e+01
3.905124664306640625e+01 3.929376602172851562e+01
7.000000000000000000e+00 7.071067810058593750e+00
5.000000000000000000e+00 5.099019527435302734e+00
3.000000000000000000e+00 3.162277698516845703e+00
2.000000000000000000e+00 2.236068010330200195e+00
2.000000000000000000e+00 2.236068010330200195e+00
2.000000000000000000e+00 2.236068010330200195e+00
1.414213538169860840e+00 1.900105285644531250e+02
