1.120044631958007812e+02 1.120178527832031250e+02
1.120000000000000000e+02 1.120178527832031250e+02
1.120000000000000000e+02 1.120178527832031250e+02
1.120000000000000000e+02 1.120178527832031250e+02
1.120000000000000000e+02 1.120178527832031250e+02
1.120000000000000000e+02 1.120178527832031250e+02
1.120000000000000000e+02 1.120178527832031250e+02
1.120000000000000000e+02 1.120178527832031250e+02
1.120000000000000000e+02 1.120178527832031250e+02
1.120000000000000000e+02 1.120178527832031250e+02
1.120000000000000000e+02 1.120178527832031250e+02
1.120000000000000000e+02 1.120178527832031250e+02
1.120000000000000000e+02 1.120178527832031250e+02
1.120000000000000000e+02 1.120178527832031250e+02
1.120000000000000000e+02 1.120178527832031250e+02
1.120000000000000000e+02 1.120178527832031250e+02
1.120000000000000000e+02 1.120178527832031250e+02
1.120000000000000000e+02 1.120178527832031250e+02
1.120000000000000000e+02 1.120178527832031250e+02
1.120000000000000000e+02 1.120044631958007812e+02
1.414213538169860840e+00 1.770028228759765625e+02
