1.797279268503189087e-01 1.799389123916625977e-01
1.763607859611511230e-01 1.921485215425491333e-01
1.752817779779434204e-01 2.064524590969085693e-01
1.686927378177642822e-01 1.687077283859252930e-01
1.596957892179489136e-01 1.597116291522979736e-01
1.596957892179489136e-01 1.597116291522979736e-01
1.574465483427047729e-01 1.574626117944717407e-01
1.574465483427047729e-01 1.574626117944717407e-01
1.574465483427047729e-01 1.574626117944717407e-01
1.574465483427047729e-01 1.574626117944717407e-01
1.574465483427047729e-01 1.574626117944717407e-01
1.574465483427047729e-01 1.574626117944717407e-01
1.574465483427047729e-01 1.574626117944717407e-01
1.574465483427047729e-01 1.574626117944717407e-01
1.574465483427047729e-01 1.574626117944717407e-01
1.574465483427047729e-01 1.574626117944717407e-01
1.574465483427047729e-01 1.574626117944717407e-01
1.574465483427047729e-01 1.574626117944717407e-01
1.574465483427047729e-01 1.574626117944717407e-01
1.574465483427047729e-01 1.574626117944717407e-01
1.574465483427047729e-01 1.574626117944717407e-01
1.574465483427047729e-01 1.574626117944717407e-01
1.574465483427047729e-01 1.574626117944717407e-01
1.574465483427047729e-01 1.574626117944717407e-01
1.574465483427047729e-01 1.574626117944717407e-01
1.574465483427047729e-01 1.574626117944717407e-01
1.551973074674606323e-01 1.552625000476837158e-01
1.551973074674606323e-01 1.552136093378067017e-01
1.551973074674606323e-01 1.552136093378067017e-01
1.551973074674606323e-01 1.552136093378067017e-01
1.551973074674606323e-01 1.552136093378067017e-01
1.551973074674606323e-01 1.552136093378067017e-01
1.551973074674606323e-01 1.552136093378067017e-01
1.551973074674606323e-01 1.552136093378067017e-01
1.551973074674606323e-01 1.552136093378067017e-01
1.551973074674606323e-01 1.552136093378067017e-01
1.551973074674606323e-01 1.552136093378067017e-01
1.551973074674606323e-01 1.552625000476837158e-01
1.551973074674606323e-01 1.552625000476837158e-01
1.551973074674606323e-01 1.731912046670913696e-01
3.180900588631629944e-03 2.193322777748107910e-01
