2.029540389776229858e-01 2.034117281436920166e-01
1.652697622776031494e-01 1.965020149946212769e-01
1.626975387334823608e-01 2.005008906126022339e-01
1.506790518760681152e-01 2.006002515554428101e-01
1.495062559843063354e-01 2.037543207406997681e-01
1.494173705577850342e-01 1.986035108566284180e-01
2.445052005350589752e-02 2.690791711211204529e-02
1.804117672145366669e-02 1.822434179484844208e-02
1.804117672145366669e-02 1.822434179484844208e-02
1.288655493408441544e-02 1.314175967127084732e-02
1.288655493408441544e-02 1.314175967127084732e-02
1.288655493408441544e-02 1.314175967127084732e-02
1.288655493408441544e-02 1.728912815451622009e-02
1.062652561813592911e-02 1.093460433185100555e-02
1.030924450606107712e-02 1.062652561813592911e-02
1.030924450606107712e-02 1.062652561813592911e-02
1.030924450606107712e-02 1.062652561813592911e-02
1.030924450606107712e-02 1.152608543634414673e-02
8.150173351168632507e-03 9.292626753449440002e-03
7.731933146715164185e-03 8.150173351168632507e-03
7.289736531674861908e-03 7.731933146715164185e-03
7.289736531674861908e-03 7.731933146715164185e-03
5.154622253030538559e-03 5.763042718172073364e-03
5.154622253030538559e-03 5.763042718172073364e-03
5.154622253030538559e-03 5.763042718172073364e-03
3.644868265837430954e-03 2.588626444339752197e-01
3.644868265837430954e-03 5.154622253030538559e-03
3.644868265837430954e-03 5.154622253030538559e-03
