1.979072839021682739e-01 1.984597742557525635e-01
1.965076476335525513e-01 1.965192556381225586e-01
1.965076476335525513e-01 1.965192556381225586e-01
1.965076476335525513e-01 1.965192556381225586e-01
1.965076476335525513e-01 1.965192556381225586e-01
1.960543841123580933e-01 1.965192556381225586e-01
1.943834275007247925e-01 1.945593804121017456e-01
1.943834275007247925e-01 1.944772899150848389e-01
1.943716853857040405e-01 1.985631883144378662e-01
3.020693082362413406e-03 3.764430880546569824e-01
