2.640075683593750000e+01 4.382921218872070312e+01
2.561249732971191406e+01 9.812747192382812500e+01
2.529822158813476562e+01 9.808669281005859375e+01
2.529822158813476562e+01 9.808669281005859375e+01
2.500000000000000000e+01 2.501999282836914062e+01
2.500000000000000000e+01 2.501999282836914062e+01
2.500000000000000000e+01 9.812747192382812500e+01
1.100000000000000000e+01 1.104536056518554688e+01
9.000000000000000000e+00 9.055385589599609375e+00
9.000000000000000000e+00 9.055385589599609375e+00
9.000000000000000000e+00 9.055385589599609375e+00
9.000000000000000000e+00 9.055385589599609375e+00
8.944272041320800781e+00 9.219544410705566406e+00
8.944272041320800781e+00 9.219544410705566406e+00
8.246211051940917969e+00 8.602325439453125000e+00
8.246211051940917969e+00 8.602325439453125000e+00
7.615773200988769531e+00 7.810249805450439453e+00
7.615773200988769531e+00 7.810249805450439453e+00
7.000000000000000000e+00 7.071067810058593750e+00
7.000000000000000000e+00 7.071067810058593750e+00
7.000000000000000000e+00 7.071067810058593750e+00
7.000000000000000000e+00 7.071067810058593750e+00
6.082762718200683594e+00 6.403124332427978516e+00
6.082762718200683594e+00 6.403124332427978516e+00
5.385164737701416016e+00 5.830951690673828125e+00
5.385164737701416016e+00 5.830951690673828125e+00
5.000000000000000000e+00 5.099019527435302734e+00
5.000000000000000000e+00 5.099019527435302734e+00
5.000000000000000000e+00 5.099019527435302734e+00
5.000000000000000000e+00 5.099019527435302734e+00
5.000000000000000000e+00 5.099019527435302734e+00
5.000000000000000000e+00 5.099019527435302734e+00
5.000000000000000000e+00 5.099019527435302734e+00
5.000000000000000000e+00 5.099019527435302734e+00
5.000000000000000000e+00 5.099019527435302734e+00
4.242640495300292969e+00 4.472136020660400391e+00
4.242640495300292969e+00 4.472136020660400391e+00
4.242640495300292969e+00 4.472136020660400391e+00
4.242640495300292969e+00 4.472136020660400391e+00
4.123105525970458984e+00 4.472136020660400391e+00
4.123105525970458984e+00 4.472136020660400391e+00
4.000000000000000000e+00 4.242640495300292969e+00
4.000000000000000000e+00 4.242640495300292969e+00
1.414213538169860840e+00 9.838699340820312500e+01
