1.125388793945312500e+02 1.125877456665039062e+02
1.120000000000000000e+02 1.120044631958007812e+02
1.120000000000000000e+02 1.120044631958007812e+02
1.118794021606445312e+02 1.120178527832031250e+02
9.436631011962890625e+01 1.127519378662109375e+02
8.800000000000000000e+01 8.800568389892578125e+01
8.800000000000000000e+01 8.800568389892578125e+01
8.800000000000000000e+01 8.800568389892578125e+01
8.800000000000000000e+01 8.800568389892578125e+01
8.800000000000000000e+01 8.800568389892578125e+01
8.800000000000000000e+01 8.800568389892578125e+01
8.800000000000000000e+01 8.800568389892578125e+01
8.800000000000000000e+01 8.800568389892578125e+01
8.800000000000000000e+01 8.800568389892578125e+01
8.800000000000000000e+01 8.800568389892578125e+01
8.800000000000000000e+01 8.800568389892578125e+01
8.800000000000000000e+01 8.800568389892578125e+01
8.800000000000000000e+01 8.800568389892578125e+01
8.800000000000000000e+01 8.800568389892578125e+01
8.800000000000000000e+01 8.800568389892578125e+01
8.800000000000000000e+01 8.800568389892578125e+01
8.800000000000000000e+01 8.800568389892578125e+01
8.800000000000000000e+01 8.800568389892578125e+01
8.800000000000000000e+01 8.800568389892578125e+01
8.800000000000000000e+01 8.800568389892578125e+01
8.800000000000000000e+01 8.800568389892578125e+01
8.800000000000000000e+01 8.800568389892578125e+01
8.800000000000000000e+01 8.800568389892578125e+01
8.800000000000000000e+01 8.800568389892578125e+01
8.800000000000000000e+01 8.800568389892578125e+01
8.800000000000000000e+01 8.800568389892578125e+01
8.800000000000000000e+01 8.800568389892578125e+01
8.800000000000000000e+01 8.800568389892578125e+01
8.800000000000000000e+01 8.800568389892578125e+01
8.800000000000000000e+01 8.800568389892578125e+01
8.800000000000000000e+01 8.800568389892578125e+01
8.700000000000000000e+01 8.700574493408203125e+01
8.700000000000000000e+01 8.700574493408203125e+01
8.620904541015625000e+01 8.649277496337890625e+01
8.584288024902343750e+01 8.590692901611328125e+01
8.584288024902343750e+01 8.590692901611328125e+01
8.584288024902343750e+01 8.602325439453125000e+01
8.570297241210937500e+01 8.590692901611328125e+01
8.558621215820312500e+01 8.590692901611328125e+01
8.537564086914062500e+01 8.800568389892578125e+01
1.414213538169860840e+00 1.264911041259765625e+02
