8.100000000000000000e+01 8.100617218017578125e+01
6.100000000000000000e+01 6.100819778442382812e+01
6.100000000000000000e+01 8.100617218017578125e+01
5.920304107666015625e+01 8.052328491210937500e+01
5.920304107666015625e+01 8.052328491210937500e+01
5.841232681274414062e+01 8.070935821533203125e+01
5.780138397216796875e+01 8.070935821533203125e+01
7.000000000000000000e+00 7.071067810058593750e+00
5.000000000000000000e+00 5.099019527435302734e+00
3.000000000000000000e+00 3.162277698516845703e+00
3.000000000000000000e+00 3.162277698516845703e+00
2.236068010330200195e+00 3.000000000000000000e+00
2.236068010330200195e+00 3.000000000000000000e+00
1.414213538169860840e+00 9.773944854736328125e+01
1.000000000000000000e+00 1.414213538169860840e+00
