5.536244201660156250e+01 8.845903015136718750e+01
5.536244201660156250e+01 8.845903015136718750e+01
5.500000000000000000e+01 8.780091094970703125e+01
5.500000000000000000e+01 8.780091094970703125e+01
5.500000000000000000e+01 5.500909042358398438e+01
5.500000000000000000e+01 5.500909042358398438e+01
5.500000000000000000e+01 8.823265075683593750e+01
7.000000000000000000e+00 7.071067810058593750e+00
1.414213538169860840e+00 9.300000000000000000e+01
1.000000000000000000e+00 1.414213538169860840e+00
