1.726167947053909302e-01 1.741107702255249023e-01
1.701695322990417480e-01 1.712838262319564819e-01
1.695758551359176636e-01 1.716180443763732910e-01
1.682596653699874878e-01 1.689665317535400391e-01
1.675634980201721191e-01 1.676318794488906860e-01
1.675634980201721191e-01 1.724175065755844116e-01
1.634083837270736694e-01 1.647355109453201294e-01
1.594326049089431763e-01 1.665344387292861938e-01
1.522554457187652588e-01 1.560029238462448120e-01
1.488605737686157227e-01 1.753177046775817871e-01
1.474838554859161377e-01 1.777069717645645142e-01
1.461098492145538330e-01 1.714175939559936523e-01
1.446118950843811035e-01 1.765553355216979980e-01
1.423595547676086426e-01 1.782607138156890869e-01
1.712838187813758850e-02 1.726168021559715271e-02
1.712838187813758850e-02 1.726168021559715271e-02
1.712838187813758850e-02 1.726168021559715271e-02
1.712838187813758850e-02 1.726168021559715271e-02
1.712838187813758850e-02 1.726168021559715271e-02
1.284628733992576599e-02 1.302348542958498001e-02
1.284628733992576599e-02 1.302348542958498001e-02
1.284628733992576599e-02 1.302348542958498001e-02
1.284628733992576599e-02 1.302348542958498001e-02
1.070523913949728012e-02 1.091724447906017303e-02
1.070523913949728012e-02 1.091724447906017303e-02
1.070523913949728012e-02 1.091724447906017303e-02
1.070523913949728012e-02 1.091724447906017303e-02
8.827766403555870056e-03 1.284628733992576599e-02
6.055797915905714035e-03 6.423143669962882996e-03
4.282095469534397125e-03 4.787528421729803085e-03
3.027898957952857018e-03 2.702219486236572266e-01
3.027898957952857018e-03 4.282095469534397125e-03
3.027898957952857018e-03 4.282095469534397125e-03
2.141047734767198563e-03 3.027898957952857018e-03
