2.211889028549194336e-01 2.238870710134506226e-01
2.205808460712432861e-01 2.227195203304290771e-01
2.203299850225448608e-01 2.225509583950042725e-01
2.198992669582366943e-01 2.241956293582916260e-01
2.192425876855850220e-01 2.192606031894683838e-01
2.192425876855850220e-01 2.281083464622497559e-01
2.186742871999740601e-01 2.230031192302703857e-01
2.159933000802993774e-01 2.227461189031600952e-01
2.136949449777603149e-01 2.288776934146881104e-01
6.285145413130521774e-03 7.166168186813592911e-03
5.962612573057413101e-03 1.124321017414331436e-02
2.810802543535828590e-03 4.494867622852325439e-01
2.810802543535828590e-03 3.975074738264083862e-03
