9.269843292236328125e+01 9.272000885009765625e+01
9.265527343750000000e+01 9.269843292236328125e+01
6.600000000000000000e+01 6.600757598876953125e+01
6.592420196533203125e+01 6.600757598876953125e+01
6.537583923339843750e+01 6.600000000000000000e+01
6.527633666992187500e+01 7.211102294921875000e+01
5.903388977050781250e+01 5.913543701171875000e+01
5.800000000000000000e+01 5.800862121582031250e+01
5.755866622924804688e+01 5.800000000000000000e+01
5.742821502685546875e+01 5.800000000000000000e+01
5.700000000000000000e+01 6.360031509399414062e+01
1.414213538169860840e+00 1.258729553222656250e+02
