1.836948990821838379e-01 1.837086081504821777e-01
1.789007633924484253e-01 1.789148449897766113e-01
1.784072071313858032e-01 1.791540682315826416e-01
1.703602224588394165e-01 1.704341471195220947e-01
1.703602224588394165e-01 1.705080270767211914e-01
1.687704622745513916e-01 1.689644008874893188e-01
1.593731939792633057e-01 1.593890041112899780e-01
1.593731939792633057e-01 1.593890041112899780e-01
1.593731939792633057e-01 1.593890041112899780e-01
1.593731939792633057e-01 1.593890041112899780e-01
1.548838168382644653e-01 1.549000740051269531e-01
1.548838168382644653e-01 1.549000740051269531e-01
1.548838168382644653e-01 1.549000740051269531e-01
1.548838168382644653e-01 1.549000740051269531e-01
1.503944247961044312e-01 1.504111737012863159e-01
1.476216316223144531e-01 1.597678959369659424e-01
1.467486768960952759e-01 1.716713160276412964e-01
1.414156556129455566e-01 1.414334625005722046e-01
1.257027983665466309e-01 1.257228404283523560e-01
1.257027983665466309e-01 1.257228404283523560e-01
1.257027983665466309e-01 1.257228404283523560e-01
1.257027983665466309e-01 1.257228404283523560e-01
1.257027983665466309e-01 1.257228404283523560e-01
1.257027983665466309e-01 1.616178900003433228e-01
3.174475161358714104e-03 1.859847009181976318e-01
