1.700510531663894653e-01 1.700711846351623535e-01
1.700510531663894653e-01 1.700711846351623535e-01
1.700510531663894653e-01 1.700711846351623535e-01
1.700510531663894653e-01 1.700711846351623535e-01
1.700510531663894653e-01 1.700711846351623535e-01
1.700510531663894653e-01 1.700711846351623535e-01
1.700510531663894653e-01 1.798129230737686157e-01
1.684943586587905884e-01 1.802121549844741821e-01
1.684943586587905884e-01 1.802121549844741821e-01
1.679450720548629761e-01 1.790118068456649780e-01
1.679450720548629761e-01 1.790118068456649780e-01
7.063659280538558960e-02 7.068502157926559448e-02
6.540425121784210205e-02 6.587348133325576782e-02
6.540425121784210205e-02 6.587348133325576782e-02
6.540425121784210205e-02 6.545655429363250732e-02
6.017191335558891296e-02 6.022875756025314331e-02
2.877787128090858459e-02 2.889654226601123810e-02
2.877787128090858459e-02 2.889654226601123810e-02
2.877787128090858459e-02 2.889654226601123810e-02
2.339973673224449158e-02 2.354553155601024628e-02
2.339973673224449158e-02 2.354553155601024628e-02
1.831318996846675873e-02 1.849911548197269440e-02
3.699823282659053802e-03 3.603863418102264404e-01
