1.125388793945312500e+02 1.145425720214843750e+02
1.120089263916015625e+02 1.122586288452148438e+02
1.117228698730468750e+02 1.117318191528320312e+02
1.110720520019531250e+02 1.118659896850585938e+02
1.110405349731445312e+02 1.125388793945312500e+02
1.100409011840820312e+02 1.113193588256835938e+02
1.099318008422851562e+02 1.103177261352539062e+02
1.079120025634765625e+02 1.122942581176757812e+02
1.072287292480468750e+02 1.121472244262695312e+02
5.656854152679443359e+00 5.830951690673828125e+00
2.828427076339721680e+00 3.000000000000000000e+00
2.828427076339721680e+00 3.000000000000000000e+00
2.828427076339721680e+00 3.000000000000000000e+00
2.000000000000000000e+00 2.236068010330200195e+00
2.000000000000000000e+00 2.236068010330200195e+00
2.000000000000000000e+00 2.236068010330200195e+00
1.414213538169860840e+00 2.229910278320312500e+02
1.414213538169860840e+00 2.000000000000000000e+00
1.414213538169860840e+00 2.000000000000000000e+00
1.414213538169860840e+00 2.000000000000000000e+00
