9.000000000000000000e+01 9.000555419921875000e+01
9.000000000000000000e+01 9.000555419921875000e+01
8.747570800781250000e+01 8.755569458007812500e+01
8.561541748046875000e+01 8.570297241210937500e+01
8.477027893066406250e+01 8.492938232421875000e+01
8.448076629638671875e+01 8.472307586669921875e+01
8.443340301513671875e+01 8.448076629638671875e+01
8.443340301513671875e+01 8.448076629638671875e+01
8.443340301513671875e+01 8.450444030761718750e+01
8.420214080810546875e+01 8.586617279052734375e+01
6.718630981445312500e+01 6.726811981201171875e+01
6.694026947021484375e+01 6.705221557617187500e+01
6.640782928466796875e+01 6.648307800292968750e+01
6.640782928466796875e+01 6.648307800292968750e+01
6.640782928466796875e+01 6.648307800292968750e+01
6.640782928466796875e+01 6.649060058593750000e+01
6.621932983398437500e+01 6.670832061767578125e+01
6.500000000000000000e+01 6.500769042968750000e+01
6.500000000000000000e+01 6.500769042968750000e+01
6.500000000000000000e+01 6.503076171875000000e+01
6.500000000000000000e+01 6.503076171875000000e+01
6.500000000000000000e+01 6.500769042968750000e+01
6.500000000000000000e+01 6.500769042968750000e+01
6.438167572021484375e+01 6.500000000000000000e+01
6.413267517089843750e+01 6.428063201904296875e+01
6.412487792968750000e+01 6.413267517089843750e+01
6.407027435302734375e+01 6.432728576660156250e+01
6.350590515136718750e+01 6.356099319458007812e+01
6.281719589233398438e+01 6.293647766113281250e+01
6.258594131469726562e+01 6.262587356567382812e+01
6.258594131469726562e+01 6.262587356567382812e+01
6.236184692382812500e+01 6.236986541748046875e+01
6.236184692382812500e+01 6.236986541748046875e+01
6.229767227172851562e+01 6.236184692382812500e+01
6.209669876098632812e+01 6.216912460327148438e+01
6.198386764526367188e+01 6.203224945068359375e+01
6.198386764526367188e+01 6.203224945068359375e+01
6.198386764526367188e+01 6.203224945068359375e+01
6.198386764526367188e+01 6.203224945068359375e+01
6.184658432006835938e+01 6.203224945068359375e+01
6.184658432006835938e+01 6.500769042968750000e+01
6.161168670654296875e+01 6.511528015136718750e+01
5.269725036621093750e+01 7.844743347167968750e+01
3.807886505126953125e+01 5.964059066772460938e+01
2.720294189453125000e+01 6.868041992187500000e+01
1.923538398742675781e+01 1.941648864746093750e+01
1.900000000000000000e+01 1.902629852294921875e+01
1.900000000000000000e+01 1.902629852294921875e+01
1.900000000000000000e+01 1.902629852294921875e+01
1.897366523742675781e+01 1.910497283935546875e+01
1.897366523742675781e+01 1.923538398742675781e+01
1.897366523742675781e+01 1.923538398742675781e+01
1.868154144287109375e+01 1.878829383850097656e+01
1.868154144287109375e+01 1.878829383850097656e+01
1.843908882141113281e+01 1.878829383850097656e+01
1.838477706909179688e+01 1.878829383850097656e+01
1.838477706909179688e+01 1.843908882141113281e+01
1.838477706909179688e+01 1.878829383850097656e+01
1.838477706909179688e+01 1.878829383850097656e+01
1.824828720092773438e+01 1.838477706909179688e+01
1.802775573730468750e+01 1.838477706909179688e+01
1.800000000000000000e+01 1.838477706909179688e+01
1.800000000000000000e+01 1.878829383850097656e+01
1.800000000000000000e+01 1.802775573730468750e+01
1.800000000000000000e+01 1.802775573730468750e+01
1.800000000000000000e+01 1.902629852294921875e+01
1.800000000000000000e+01 1.802775573730468750e+01
1.800000000000000000e+01 1.802775573730468750e+01
1.800000000000000000e+01 1.802775573730468750e+01
1.800000000000000000e+01 1.802775573730468750e+01
1.702938652038574219e+01 1.746424865722656250e+01
1.702938652038574219e+01 1.708800697326660156e+01
1.700000000000000000e+01 1.702938652038574219e+01
1.700000000000000000e+01 1.702938652038574219e+01
1.700000000000000000e+01 1.702938652038574219e+01
1.700000000000000000e+01 1.702938652038574219e+01
1.649242210388183594e+01 1.700000000000000000e+01
1.649242210388183594e+01 1.655294609069824219e+01
1.649242210388183594e+01 1.655294609069824219e+01
1.627882003784179688e+01 1.655294609069824219e+01
1.600000000000000000e+01 1.655294609069824219e+01
1.600000000000000000e+01 1.603121948242187500e+01
1.600000000000000000e+01 1.603121948242187500e+01
1.600000000000000000e+01 1.603121948242187500e+01
1.600000000000000000e+01 1.655294609069824219e+01
1.600000000000000000e+01 1.603121948242187500e+01
1.600000000000000000e+01 1.603121948242187500e+01
1.600000000000000000e+01 1.603121948242187500e+01
1.600000000000000000e+01 1.655294609069824219e+01
1.600000000000000000e+01 1.603121948242187500e+01
1.581138801574707031e+01 1.969771575927734375e+01
1.581138801574707031e+01 1.600000000000000000e+01
1.581138801574707031e+01 1.603121948242187500e+01
1.581138801574707031e+01 1.600000000000000000e+01
1.552417469024658203e+01 1.600000000000000000e+01
1.529705810546875000e+01 1.600000000000000000e+01
1.529705810546875000e+01 1.600000000000000000e+01
1.513274574279785156e+01 1.523154640197753906e+01
1.513274574279785156e+01 1.523154640197753906e+01
1.513274574279785156e+01 1.523154640197753906e+01
1.513274574279785156e+01 1.523154640197753906e+01
1.500000000000000000e+01 1.503329658508300781e+01
1.500000000000000000e+01 1.503329658508300781e+01
1.486606884002685547e+01 1.513274574279785156e+01
1.486606884002685547e+01 1.503329658508300781e+01
1.456021976470947266e+01 1.476482295989990234e+01
1.456021976470947266e+01 1.500000000000000000e+01
1.456021976470947266e+01 1.476482295989990234e+01
1.456021976470947266e+01 1.476482295989990234e+01
1.456021976470947266e+01 1.476482295989990234e+01
1.456021976470947266e+01 1.500000000000000000e+01
1.456021976470947266e+01 1.476482295989990234e+01
1.456021976470947266e+01 1.476482295989990234e+01
1.456021976470947266e+01 1.500000000000000000e+01
1.456021976470947266e+01 1.476482295989990234e+01
1.456021976470947266e+01 1.476482295989990234e+01
1.456021976470947266e+01 1.476482295989990234e+01
1.456021976470947266e+01 1.476482295989990234e+01
1.456021976470947266e+01 1.500000000000000000e+01
1.456021976470947266e+01 1.500000000000000000e+01
1.456021976470947266e+01 1.500000000000000000e+01
1.456021976470947266e+01 1.500000000000000000e+01
1.456021976470947266e+01 1.476482295989990234e+01
1.456021976470947266e+01 1.476482295989990234e+01
1.456021976470947266e+01 1.476482295989990234e+01
1.456021976470947266e+01 1.476482295989990234e+01
1.456021976470947266e+01 1.476482295989990234e+01
1.456021976470947266e+01 1.476482295989990234e+01
1.431782150268554688e+01 1.476482295989990234e+01
1.431782150268554688e+01 1.500000000000000000e+01
1.431782150268554688e+01 1.476482295989990234e+01
1.431782150268554688e+01 1.476482295989990234e+01
1.431782150268554688e+01 1.476482295989990234e+01
1.431782150268554688e+01 1.476482295989990234e+01
1.431782150268554688e+01 1.476482295989990234e+01
1.431782150268554688e+01 1.476482295989990234e+01
1.431782150268554688e+01 1.476482295989990234e+01
1.431782150268554688e+01 1.503329658508300781e+01
1.414213562011718750e+01 1.476482295989990234e+01
1.414213562011718750e+01 1.500000000000000000e+01
1.403566837310791016e+01 1.500000000000000000e+01
1.400000000000000000e+01 1.476482295989990234e+01
1.400000000000000000e+01 1.503329658508300781e+01
1.400000000000000000e+01 1.414213562011718750e+01
1.400000000000000000e+01 1.403566837310791016e+01
1.400000000000000000e+01 1.414213562011718750e+01
1.400000000000000000e+01 1.403566837310791016e+01
1.400000000000000000e+01 1.414213562011718750e+01
1.400000000000000000e+01 1.403566837310791016e+01
1.400000000000000000e+01 1.414213562011718750e+01
1.400000000000000000e+01 1.403566837310791016e+01
1.400000000000000000e+01 1.503329658508300781e+01
1.400000000000000000e+01 1.702938652038574219e+01
2.828427076339721680e+00 3.000000000000000000e+00
1.414213538169860840e+00 9.000555419921875000e+01
1.414213538169860840e+00 2.000000000000000000e+00
