1.700000000000000000e+01 1.702938652038574219e+01
1.700000000000000000e+01 1.702938652038574219e+01
1.700000000000000000e+01 1.702938652038574219e+01
1.700000000000000000e+01 1.702938652038574219e+01
1.700000000000000000e+01 1.702938652038574219e+01
1.700000000000000000e+01 1.702938652038574219e+01
1.600000000000000000e+01 1.603121948242187500e+01
1.600000000000000000e+01 1.603121948242187500e+01
1.600000000000000000e+01 1.603121948242187500e+01
1.600000000000000000e+01 1.603121948242187500e+01
1.600000000000000000e+01 1.603121948242187500e+01
1.600000000000000000e+01 1.603121948242187500e+01
1.600000000000000000e+01 1.603121948242187500e+01
1.600000000000000000e+01 1.603121948242187500e+01
1.600000000000000000e+01 1.603121948242187500e+01
1.600000000000000000e+01 1.603121948242187500e+01
1.600000000000000000e+01 1.603121948242187500e+01
1.600000000000000000e+01 1.603121948242187500e+01
1.600000000000000000e+01 1.603121948242187500e+01
1.600000000000000000e+01 1.603121948242187500e+01
1.600000000000000000e+01 1.603121948242187500e+01
1.600000000000000000e+01 1.603121948242187500e+01
1.600000000000000000e+01 1.603121948242187500e+01
1.600000000000000000e+01 1.627882003784179688e+01
1.600000000000000000e+01 1.603121948242187500e+01
1.600000000000000000e+01 1.603121948242187500e+01
1.600000000000000000e+01 1.603121948242187500e+01
1.600000000000000000e+01 1.603121948242187500e+01
1.600000000000000000e+01 1.603121948242187500e+01
1.600000000000000000e+01 1.603121948242187500e+01
1.600000000000000000e+01 1.603121948242187500e+01
1.600000000000000000e+01 1.603121948242187500e+01
1.600000000000000000e+01 1.603121948242187500e+01
1.600000000000000000e+01 1.603121948242187500e+01
1.600000000000000000e+01 1.603121948242187500e+01
1.600000000000000000e+01 1.603121948242187500e+01
1.513274574279785156e+01 1.603121948242187500e+01
1.513274574279785156e+01 1.603121948242187500e+01
1.500000000000000000e+01 1.503329658508300781e+01
1.500000000000000000e+01 1.503329658508300781e+01
1.500000000000000000e+01 1.503329658508300781e+01
1.500000000000000000e+01 1.503329658508300781e+01
1.500000000000000000e+01 1.503329658508300781e+01
1.500000000000000000e+01 1.503329658508300781e+01
1.500000000000000000e+01 1.503329658508300781e+01
1.500000000000000000e+01 1.503329658508300781e+01
1.500000000000000000e+01 1.600000000000000000e+01
1.500000000000000000e+01 1.503329658508300781e+01
1.500000000000000000e+01 1.503329658508300781e+01
1.500000000000000000e+01 1.503329658508300781e+01
1.500000000000000000e+01 1.503329658508300781e+01
1.500000000000000000e+01 1.503329658508300781e+01
1.500000000000000000e+01 1.503329658508300781e+01
1.500000000000000000e+01 1.503329658508300781e+01
1.500000000000000000e+01 1.503329658508300781e+01
1.500000000000000000e+01 1.503329658508300781e+01
1.500000000000000000e+01 1.600000000000000000e+01
1.500000000000000000e+01 1.503329658508300781e+01
1.500000000000000000e+01 1.503329658508300781e+01
1.500000000000000000e+01 1.503329658508300781e+01
1.500000000000000000e+01 1.503329658508300781e+01
1.500000000000000000e+01 1.503329658508300781e+01
1.500000000000000000e+01 1.503329658508300781e+01
1.500000000000000000e+01 1.503329658508300781e+01
1.500000000000000000e+01 1.503329658508300781e+01
1.500000000000000000e+01 1.503329658508300781e+01
1.500000000000000000e+01 1.600000000000000000e+01
1.300000000000000000e+01 1.303840446472167969e+01
1.300000000000000000e+01 1.303840446472167969e+01
1.300000000000000000e+01 1.303840446472167969e+01
1.300000000000000000e+01 1.303840446472167969e+01
1.300000000000000000e+01 1.360147094726562500e+01
1.300000000000000000e+01 1.303840446472167969e+01
1.300000000000000000e+01 1.303840446472167969e+01
1.300000000000000000e+01 1.392838859558105469e+01
1.300000000000000000e+01 1.303840446472167969e+01
1.300000000000000000e+01 1.702938652038574219e+01
1.200000000000000000e+01 1.204159450531005859e+01
1.000000000000000000e+01 1.004987525939941406e+01
9.000000000000000000e+00 9.055385589599609375e+00
9.000000000000000000e+00 9.055385589599609375e+00
9.000000000000000000e+00 9.055385589599609375e+00
7.000000000000000000e+00 7.071067810058593750e+00
7.000000000000000000e+00 7.071067810058593750e+00
7.000000000000000000e+00 7.071067810058593750e+00
7.000000000000000000e+00 7.071067810058593750e+00
7.000000000000000000e+00 7.071067810058593750e+00
7.000000000000000000e+00 7.071067810058593750e+00
7.000000000000000000e+00 7.071067810058593750e+00
7.000000000000000000e+00 7.071067810058593750e+00
7.000000000000000000e+00 7.071067810058593750e+00
7.000000000000000000e+00 7.071067810058593750e+00
7.000000000000000000e+00 7.071067810058593750e+00
7.000000000000000000e+00 7.071067810058593750e+00
6.000000000000000000e+00 6.082762718200683594e+00
6.000000000000000000e+00 6.082762718200683594e+00
6.000000000000000000e+00 6.082762718200683594e+00
6.000000000000000000e+00 6.082762718200683594e+00
6.000000000000000000e+00 6.082762718200683594e+00
6.000000000000000000e+00 6.082762718200683594e+00
6.000000000000000000e+00 6.082762718200683594e+00
6.000000000000000000e+00 6.082762718200683594e+00
6.000000000000000000e+00 6.082762718200683594e+00
5.000000000000000000e+00 5.099019527435302734e+00
5.000000000000000000e+00 5.099019527435302734e+00
5.000000000000000000e+00 6.000000000000000000e+00
5.000000000000000000e+00 6.082762718200683594e+00
5.000000000000000000e+00 1.360147094726562500e+01
3.000000000000000000e+00 3.162277698516845703e+00
3.000000000000000000e+00 3.162277698516845703e+00
3.000000000000000000e+00 3.162277698516845703e+00
3.000000000000000000e+00 3.162277698516845703e+00
3.000000000000000000e+00 3.162277698516845703e+00
3.000000000000000000e+00 3.162277698516845703e+00
2.000000000000000000e+00 2.236068010330200195e+00
2.000000000000000000e+00 2.236068010330200195e+00
2.000000000000000000e+00 2.236068010330200195e+00
2.000000000000000000e+00 2.236068010330200195e+00
1.414213538169860840e+00 1.979899024963378906e+01
