1.900131404399871826e-01 2.461751997470855713e-01
9.347410500049591064e-02 9.357061982154846191e-02
9.347410500049591064e-02 9.357061982154846191e-02
8.922528475522994995e-02 8.932638913393020630e-02
8.922528475522994995e-02 8.932638913393020630e-02
8.922528475522994995e-02 8.932638913393020630e-02
8.922528475522994995e-02 1.281004250049591064e-01
1.201748568564653397e-02 1.274646911770105362e-02
1.201748568564653397e-02 1.274646911770105362e-02
8.497646078467369080e-03 9.500657208263874054e-03
8.497646078467369080e-03 1.343595795333385468e-02
6.008742842823266983e-03 2.586552798748016357e-01
6.008742842823266983e-03 8.497646078467369080e-03
6.008742842823266983e-03 8.497646078467369080e-03
6.008742842823266983e-03 8.497646078467369080e-03
6.008742842823266983e-03 9.500657208263874054e-03
6.008742842823266983e-03 9.500657208263874054e-03
6.008742842823266983e-03 9.500657208263874054e-03
