1.947232633829116821e-01 1.947470307350158691e-01
1.947232633829116821e-01 1.947470307350158691e-01
1.947232633829116821e-01 2.156565636396408081e-01
5.780846998095512390e-02 5.788848176598548889e-02
5.780846998095512390e-02 5.788848176598548889e-02
5.780846998095512390e-02 5.788848176598548889e-02
5.780846998095512390e-02 9.755160659551620483e-02
9.127653203904628754e-03 9.621391072869300842e-03
9.127653203904628754e-03 9.621391072869300842e-03
9.127653203904628754e-03 9.621391072869300842e-03
9.127653203904628754e-03 9.621391072869300842e-03
9.127653203904628754e-03 1.097007375210523605e-02
8.605633862316608429e-03 9.127653203904628754e-03
8.605633862316608429e-03 9.127653203904628754e-03
8.605633862316608429e-03 9.127653203904628754e-03
6.803350988775491714e-03 9.127653203904628754e-03
6.085101980715990067e-03 6.803350988775491714e-03
6.085101980715990067e-03 6.803350988775491714e-03
6.085101980715990067e-03 6.803350988775491714e-03
6.085101980715990067e-03 6.803350988775491714e-03
4.302816931158304214e-03 2.693989574909210205e-01
4.302816931158304214e-03 6.085101980715990067e-03
3.042550990357995033e-03 4.302816931158304214e-03
3.042550990357995033e-03 4.302816931158304214e-03
3.042550990357995033e-03 4.302816931158304214e-03
3.042550990357995033e-03 4.302816931158304214e-03
3.042550990357995033e-03 4.302816931158304214e-03
3.042550990357995033e-03 4.302816931158304214e-03
