5.295280838012695312e+01 7.060453033447265625e+01
1.700000000000000000e+01 1.702938652038574219e+01
1.700000000000000000e+01 1.702938652038574219e+01
1.600000000000000000e+01 1.603121948242187500e+01
1.600000000000000000e+01 1.655294609069824219e+01
1.600000000000000000e+01 3.228002548217773438e+01
8.062257766723632812e+00 9.219544410705566406e+00
7.000000000000000000e+00 7.071067810058593750e+00
4.242640495300292969e+00 4.472136020660400391e+00
2.828427076339721680e+00 3.000000000000000000e+00
2.000000000000000000e+00 2.236068010330200195e+00
2.000000000000000000e+00 2.236068010330200195e+00
1.414213538169860840e+00 7.306161499023437500e+01
1.414213538169860840e+00 2.000000000000000000e+00
1.414213538169860840e+00 2.000000000000000000e+00
1.414213538169860840e+00 2.000000000000000000e+00
1.414213538169860840e+00 2.000000000000000000e+00
1.414213538169860840e+00 2.000000000000000000e+00
