5.115662384033203125e+01 6.500000000000000000e+01
2.433105087280273438e+01 4.031128692626953125e+01
5.830951690673828125e+00 6.000000000000000000e+00
5.000000000000000000e+00 5.656854152679443359e+00
4.472136020660400391e+00 5.000000000000000000e+00
4.472136020660400391e+00 5.000000000000000000e+00
4.472136020660400391e+00 6.000000000000000000e+00
4.242640495300292969e+00 4.472136020660400391e+00
3.000000000000000000e+00 3.162277698516845703e+00
3.000000000000000000e+00 3.162277698516845703e+00
2.828427076339721680e+00 3.000000000000000000e+00
2.000000000000000000e+00 2.236068010330200195e+00
2.000000000000000000e+00 2.236068010330200195e+00
2.000000000000000000e+00 2.236068010330200195e+00
2.000000000000000000e+00 2.236068010330200195e+00
2.000000000000000000e+00 2.236068010330200195e+00
2.000000000000000000e+00 2.236068010330200195e+00
1.414213538169860840e+00 2.000000000000000000e+00
1.414213538169860840e+00 2.236068010330200195e+00
1.414213538169860840e+00 2.000000000000000000e+00
1.414213538169860840e+00 2.236068010330200195e+00
1.414213538169860840e+00 7.400000000000000000e+01
1.414213538169860840e+00 2.000000000000000000e+00
1.414213538169860840e+00 2.236068010330200195e+00
1.414213538169860840e+00 2.000000000000000000e+00
1.414213538169860840e+00 2.236068010330200195e+00
1.414213538169860840e+00 2.236068010330200195e+00
1.414213538169860840e+00 2.000000000000000000e+00
