5.119570159912109375e+01 5.412023544311523438e+01
1.800000000000000000e+01 1.802775573730468750e+01
1.800000000000000000e+01 1.802775573730468750e+01
1.800000000000000000e+01 1.802775573730468750e+01
1.800000000000000000e+01 1.802775573730468750e+01
1.800000000000000000e+01 3.080584335327148438e+01
4.123105525970458984e+00 4.242640495300292969e+00
3.605551242828369141e+00 4.242640495300292969e+00
3.605551242828369141e+00 4.123105525970458984e+00
3.605551242828369141e+00 4.000000000000000000e+00
3.000000000000000000e+00 5.000000000000000000e+00
2.828427076339721680e+00 3.000000000000000000e+00
2.236068010330200195e+00 3.000000000000000000e+00
2.000000000000000000e+00 2.236068010330200195e+00
1.414213538169860840e+00 7.400675964355468750e+01
1.000000000000000000e+00 1.414213538169860840e+00
