1.601470112800598145e-01 1.602205187082290649e-01
1.601470112800598145e-01 1.602205187082290649e-01
1.601470112800598145e-01 1.602205187082290649e-01
1.601470112800598145e-01 1.602205187082290649e-01
1.601470112800598145e-01 1.602205187082290649e-01
1.580002605915069580e-01 1.602205187082290649e-01
1.552940756082534790e-01 1.553698778152465820e-01
1.552940756082534790e-01 1.553698778152465820e-01
1.552940756082534790e-01 1.553698778152465820e-01
5.360247194766998291e-02 9.334816038608551025e-02
1.749752275645732880e-02 1.941175945103168488e-02
9.705879725515842438e-03 1.085150334984064102e-02
9.705879725515842438e-03 1.085150334984064102e-02
6.863093003630638123e-03 2.155054956674575806e-01
6.863093003630638123e-03 9.705879725515842438e-03
6.863093003630638123e-03 1.085150334984064102e-02
6.863093003630638123e-03 9.705879725515842438e-03
6.863093003630638123e-03 1.085150334984064102e-02
6.863093003630638123e-03 9.705879725515842438e-03
6.863093003630638123e-03 9.705879725515842438e-03
6.863093003630638123e-03 9.705879725515842438e-03
4.852939862757921219e-03 6.863093003630638123e-03
4.852939862757921219e-03 6.863093003630638123e-03
