4.900000000000000000e+01 7.280110168457031250e+01
4.617358398437500000e+01 4.632493972778320312e+01
2.400000000000000000e+01 2.402082443237304688e+01
2.400000000000000000e+01 2.402082443237304688e+01
2.400000000000000000e+01 2.402082443237304688e+01
2.400000000000000000e+01 4.850773239135742188e+01
4.000000000000000000e+00 4.123105525970458984e+00
3.162277698516845703e+00 3.605551242828369141e+00
2.828427076339721680e+00 3.000000000000000000e+00
2.000000000000000000e+00 2.236068010330200195e+00
2.000000000000000000e+00 2.236068010330200195e+00
2.000000000000000000e+00 2.236068010330200195e+00
2.000000000000000000e+00 2.236068010330200195e+00
1.414213538169860840e+00 7.975587463378906250e+01
1.414213538169860840e+00 2.000000000000000000e+00
1.414213538169860840e+00 2.000000000000000000e+00
1.000000000000000000e+00 1.414213538169860840e+00
1.000000000000000000e+00 1.414213538169860840e+00
