1.819628328084945679e-01 2.257800847291946411e-01
1.579405665397644043e-01 1.647879928350448608e-01
6.058562546968460083e-02 6.073998659849166870e-02
6.058562546968460083e-02 6.073998659849166870e-02
6.058562546968460083e-02 9.962756186723709106e-02
2.448029071092605591e-02 2.596526779234409332e-02
9.676684625446796417e-03 1.298263389617204666e-02
9.676684625446796417e-03 1.298263389617204666e-02
8.655089884996414185e-03 9.676684625446796417e-03
8.655089884996414185e-03 9.676684625446796417e-03
8.655089884996414185e-03 9.676684625446796417e-03
8.655089884996414185e-03 9.676684625446796417e-03
8.655089884996414185e-03 1.836021803319454193e-02
6.120072677731513977e-03 2.504373788833618164e-01
6.120072677731513977e-03 8.655089884996414185e-03
6.120072677731513977e-03 8.655089884996414185e-03
6.120072677731513977e-03 8.655089884996414185e-03
6.120072677731513977e-03 8.655089884996414185e-03
