2.255986481904983521e-01 2.592153847217559814e-01
1.044147685170173645e-01 1.254585534334182739e-01
3.884021937847137451e-02 3.893917426466941833e-02
3.138763830065727234e-02 3.144888207316398621e-02
3.138763830065727234e-02 3.144888207316398621e-02
3.138763830065727234e-02 3.144888207316398621e-02
3.138763830065727234e-02 3.144888207316398621e-02
3.138763830065727234e-02 3.193460777401924133e-02
2.774301357567310333e-02 2.856318093836307526e-02
2.617270685732364655e-02 2.668237686157226562e-02
1.240705326199531555e-02 1.256118342280387878e-02
1.240705326199531555e-02 1.373209152370691299e-02
1.143873762339353561e-02 1.177036389708518982e-02
1.143873762339353561e-02 1.177036389708518982e-02
1.109720580279827118e-02 1.143873762339353561e-02
1.109720580279827118e-02 1.143873762339353561e-02
9.808636270463466644e-03 1.532157976180315018e-02
7.846909575164318085e-03 8.088408969342708588e-03
7.846909575164318085e-03 8.088408969342708588e-03
7.846909575164318085e-03 8.088408969342708588e-03
7.846909575164318085e-03 9.808636270463466644e-03
3.923454787582159042e-03 4.386555403470993042e-03
3.923454787582159042e-03 5.885181948542594910e-03
2.774301450699567795e-03 3.005606830120086670e-01
2.774301450699567795e-03 3.923454787582159042e-03
