9.360703825950622559e-02 9.363780915737152100e-02
9.360703825950622559e-02 9.363780915737152100e-02
8.640649914741516113e-02 8.643982559442520142e-02
8.640649914741516113e-02 8.643982559442520142e-02
8.640649914741516113e-02 8.643982559442520142e-02
8.640649914741516113e-02 8.643982559442520142e-02
8.640649914741516113e-02 8.643982559442520142e-02
8.640649914741516113e-02 8.643982559442520142e-02
8.640649914741516113e-02 8.643982559442520142e-02
8.640649914741516113e-02 8.643982559442520142e-02
8.640649914741516113e-02 8.643982559442520142e-02
8.640649914741516113e-02 8.643982559442520142e-02
8.640649914741516113e-02 8.643982559442520142e-02
8.640649914741516113e-02 8.643982559442520142e-02
8.640649914741516113e-02 8.643982559442520142e-02
8.640649914741516113e-02 8.643982559442520142e-02
8.640649914741516113e-02 8.643982559442520142e-02
8.640649914741516113e-02 8.643982559442520142e-02
8.640649914741516113e-02 8.643982559442520142e-02
8.640649914741516113e-02 8.643982559442520142e-02
8.640649914741516113e-02 1.048414632678031921e-01
3.394367871806025505e-03 4.117271602153778076e-01
