1.015509366989135742e-01 1.015797182917594910e-01
1.015509366989135742e-01 1.015797182917594910e-01
1.015509366989135742e-01 1.015797182917594910e-01
1.015509366989135742e-01 1.015797182917594910e-01
1.015509366989135742e-01 1.015797182917594910e-01
1.015509366989135742e-01 1.015797182917594910e-01
1.015509366989135742e-01 1.015797182917594910e-01
1.015509366989135742e-01 1.015797182917594910e-01
1.015509366989135742e-01 1.015797182917594910e-01
1.015509366989135742e-01 1.015797182917594910e-01
1.015509366989135742e-01 1.015797182917594910e-01
1.015509366989135742e-01 1.015797182917594910e-01
1.015509366989135742e-01 1.292378604412078857e-01
3.419397864490747452e-03 4.780558049678802490e-01
