8.572765439748764038e-02 8.576072007417678833e-02
8.572765439748764038e-02 8.576072007417678833e-02
8.572765439748764038e-02 8.576072007417678833e-02
8.572765439748764038e-02 8.576072007417678833e-02
8.572765439748764038e-02 8.576072007417678833e-02
8.572765439748764038e-02 8.576072007417678833e-02
8.572765439748764038e-02 8.576072007417678833e-02
8.572765439748764038e-02 8.576072007417678833e-02
8.572765439748764038e-02 8.576072007417678833e-02
8.572765439748764038e-02 8.576072007417678833e-02
8.572765439748764038e-02 8.576072007417678833e-02
8.572765439748764038e-02 8.576072007417678833e-02
8.572765439748764038e-02 8.576072007417678833e-02
8.572765439748764038e-02 8.576072007417678833e-02
8.572765439748764038e-02 8.576072007417678833e-02
8.572765439748764038e-02 1.163197979331016541e-01
3.367700148373842239e-03 3.990760147571563721e-01
